GEOID20,DIST
281210210052023,4
281210210034013,4
281210209021016,0
281210208032015,0
281210208032038,0
281210201032004,3
281210203042014,1
281210210033036,4
281210204023012,4
281210202102017,2
281210201013012,2
281210208032016,0
281210202103001,2
281210204022023,4
281210210011005,4
281210201041006,2
281210206011009,0
281210208031059,0
281210209023036,2
281210201011047,2
281210209021018,0
281210201041013,2
281210206012006,0
281210210041017,4
281210210013011,4
281210201011036,2
281210202121015,1
281210202092012,2
281210201051068,2
281210209011088,0
281210208032011,0
281210202081002,3
281210210011002,4
281210205001015,0
281210206012018,0
281210201051010,2
281210210012001,4
281210202102004,2
281210210031004,4
281210209012020,0
281210206012011,0
281210201012006,2
281210208043003,0
281210208031009,0
281210208062019,3
281210202103011,2
281210206011020,0
281210201012045,2
281210201042020,2
281210209011086,0
281210210052040,4
281210202093000,1
281210210052050,4
281210202093010,1
281210210034003,4
281210203032009,1
281210204012022,4
281210201041018,3
281210209023024,2
281210210012005,4
281210201011016,2
281210204021025,4
281210205001008,0
281210204013017,4
281210209021002,0
281219800001025,1
281210209012010,0
281210202094002,1
281210201051067,2
281210208031020,0
281210204024008,4
281210204024009,4
281210203041001,1
281210201051054,2
281210206011014,0
281210210011003,4
281210203031026,1
281210209012016,0
281210202082001,3
281210210052031,4
281210204012020,4
281210208062011,3
281219800001012,1
281210204023005,4
281210209021006,0
281210203043020,1
281210204013032,4
281210209011034,0
281210201011025,2
281210209011041,0
281210208011015,3
281210203043028,1
281210201012009,2
281210204012001,4
281210202192000,2
281210206011018,0
281210210014016,4
281210210014001,4
281210209023025,2
281210208052034,3
281210208062025,0
281210208044008,0
281210204011006,4
281210208031018,0
281210202086014,3
281210209022029,0
281210208041007,0
281210201012025,2
281210204012005,4
281210209011081,0
281210208052037,3
281210201051036,2
281210202085014,3
281210209023055,0
281210205001020,0
281210210013013,4
281210204022013,4
281210204021000,4
281210209021007,0
281210202131001,3
281210210011030,4
281210206012015,0
281210203041084,4
281210204023009,4
281210209011083,0
281210209012013,0
281210209012021,0
281210201011013,2
281210210042013,4
281210202121030,2
281210205002011,0
281210201011018,2
281210202181003,2
281210202181002,2
281210203043002,1
281210201042014,2
281210204012026,4
281210204022027,4
281210202086018,3
281210208043008,0
281210201051062,2
281210210014019,4
281210203031003,1
281210202093006,1
281210201051039,2
281210201012030,2
281219800001019,1
281210210052007,4
281210202181011,2
281210202191001,1
281210203043019,1
281210203043010,1
281210204023013,4
281210204021009,4
281210203043009,1
281210210034046,4
281210210052047,4
281210204021004,4
281210208052046,3
281210210052014,4
281210208031001,0
281210204023006,4
281210205001019,0
281210205001010,0
281210202103016,2
281210210032014,4
281210210051007,0
281210209023031,0
281210201011074,2
281210205002001,0
281210209011037,0
281210209023030,0
281210208044018,0
281210202094014,1
281210202081012,3
281210202084006,3
281210209023056,0
281210201041020,3
281210207031001,3
281210208061020,3
281210202093011,1
281210202193018,3
281210203042004,1
281210201042006,2
281210204023011,4
281210202121043,1
281210202183001,3
281210209021057,0
281210210031005,4
281210203031010,1
281210202141000,1
281210208062015,3
281210201051031,2
281210208012027,3
281210210034012,4
281210208032005,0
281210202101016,2
281210208052009,3
281210208011000,3
281210210014015,4
281210201051009,2
281210208031044,0
281210210052038,4
281210205001005,0
281210204025002,4
281210204022008,4
281210201011027,2
281210210051014,0
281210208061012,3
281210202121037,1
281210202171020,1
281210209011022,0
281210209022033,0
281210207031040,3
281210210033018,4
281210202193010,3
281210201051086,2
281210201051077,2
281210204021040,0
281210210033007,4
281210209023011,2
281210210052073,4
281210202131007,3
281210202161023,1
281210210034001,4
281210208052027,0
281210201011045,2
281210203031021,1
281210204012000,4
281210202082002,3
281210210032010,4
281210210011017,4
281210201011040,2
281210210033037,4
281210210032016,4
281210208031056,0
281210209021029,0
281210202152012,1
281210202152006,1
281210201041022,2
281210209012008,0
281210202121032,1
281210209011077,0
281210209023034,2
281210203031015,1
281210210051009,0
281210203041003,1
281210202191008,1
281210202192002,1
281210203031000,1
281210204012002,4
281210202121008,2
281219800001009,1
281210203042000,1
281210202086009,3
281210202103004,2
281210210052032,4
281210209023048,0
281210204022029,4
281210208012029,3
281210201041031,2
281210201013005,2
281210201012008,2
281210208062010,3
281210210013012,4
281210202193020,3
281219800001006,1
281210209011054,0
281210210032008,4
281210210042029,4
281210202162009,1
281210202092005,2
281210201051037,2
281210209023016,2
281210210033012,4
281219800001023,1
281210205001011,0
281210209023019,2
281210209023014,2
281210204025000,4
281210205002007,0
281210210052065,4
281210210011021,4
281210210042006,4
281210210051017,0
281210204023023,4
281210202121000,2
281210209011057,0
281210202082003,3
281210208052001,3
281210204012018,4
281210202085011,3
281210201051017,2
281210209021021,0
281210209011076,0
281210210032018,4
281210202121003,2
281210202193007,3
281210208032037,0
281210209011027,0
281210202152029,1
281210208031034,0
281210209011040,0
281210209022020,0
281210208052014,3
281210209022025,0
281210202192020,3
281210202081005,3
281210202084004,3
281210203041085,4
281210208012021,3
281210208012016,3
281210208041008,0
281210201051047,2
281210203043007,1
281210210043007,0
281210210051035,4
281210210034004,4
281210202094000,2
281210201031020,3
281210202131008,3
281210201051106,2
281210209011085,0
281210202193003,3
281210203041055,4
281210201032017,3
281210202161018,1
281210202171000,1
281210202102015,2
281210208031045,0
281210209023026,2
281210203042013,1
281210201013026,2
281210209023006,2
281210201051098,2
281210208032019,0
281210201032003,3
281210201013015,2
281210201032006,2
281210202101009,1
281210201041014,3
281210210032004,4
281210208061001,3
281210208061035,0
281210209021053,0
281210202086015,3
281210208043018,0
281210202161007,1
281210202102009,2
281210201011019,2
281219800001014,1
281210201051029,2
281210208052036,0
281210210043008,4
281210202193015,3
281210202141003,1
281210204021031,4
281210209011042,0
281210210042000,4
281210210034000,4
281210204012027,4
281210202121011,1
281210204024016,4
281210208062024,0
281210203041030,1
281210208043014,0
281210202191000,1
281210210031007,4
281210202101002,2
281210203043025,1
281210203041058,4
281210210034029,4
281210209011016,0
281210208031035,0
281210209011068,0
281210209023007,2
281210210031010,4
281210201011059,2
281210208011013,3
281210201011026,2
281210210042027,4
281210208032017,0
281210201012014,2
281210201011021,2
281210208031014,0
281210208031021,0
281210208061000,3
281210204023008,4
281210204021032,4
281210209012026,0
281210201051075,2
281210202181004,2
281210204022018,4
281210204011004,4
281210201051082,2
281210208044011,0
281210203041002,1
281210202102007,2
281210206012010,0
281210201051080,2
281210204013013,4
281210202103000,2
281210201042009,2
281210210033006,4
281210202121036,1
281210203041082,4
281210201032016,3
281210202152037,1
281210203041080,4
281210210034005,4
281210201041024,2
281210202151001,1
281210201011001,2
281210201051100,2
281210208031058,0
281210203041056,4
281210202172003,1
281210201012051,2
281210201012046,2
281210208032006,0
281210208031005,0
281210209012011,0
281210202085008,3
281210209011007,0
281210209022002,2
281210208052016,3
281210201031011,3
281210201051019,2
281210208043001,0
281210210033016,4
281210210033031,4
281210203041062,4
281210208052011,3
281210201051092,2
281210209011029,0
281210203043031,1
281210202152004,1
281210204012034,4
281210202152014,1
281210208011003,3
281210210012015,4
281210210033023,4
281210201051066,2
281210210041021,4
281210202142014,1
281210210033008,4
281210210012021,4
281210202181010,2
281210208061027,3
281210204012019,4
281210204024003,4
281210209023018,2
281210202094013,1
281210202152028,1
281210209023004,2
281210208012026,3
281210208061032,0
281210202092004,2
281210209021058,0
281210201012012,2
281210209011079,0
281210204022016,4
281210203042008,1
281210202094010,1
281210209022015,0
281210202083000,3
281210208052023,0
281210210051006,0
281210210012002,4
281210204022007,4
281210208012022,3
281210203041053,4
281210201051074,2
281210201051088,2
281210201012043,2
281210209021061,0
281210210042019,4
281210202151009,1
281210203031017,1
281210201012001,2
281210204023021,4
281210209022010,2
281210210011025,4
281210210013014,4
281210202191011,1
281210202086026,3
281210203043030,1
281210208012018,3
281210208041016,0
281210201011002,2
281210209022034,0
281210210042028,4
281210208032023,0
281210202192005,3
281210202101007,2
281210201041010,2
281210205001017,0
281210201032015,3
281210210034006,4
281210201041005,2
281210210052062,4
281210202171006,1
281210209011046,0
281210202161011,1
281210204025003,4
281210202141010,1
281210209022027,0
281210204013027,4
281210201051011,2
281210201011065,2
281210204023007,4
281210202094012,1
281210204013037,4
281210208012020,3
281210209022013,0
281210209011002,0
281210206011010,0
281210202162001,1
281210205001009,0
281210204023014,4
281210201012005,2
281210201032011,3
281210209011003,0
281210209021042,0
281210201031008,3
281210204021016,4
281210203041021,1
281210201051016,2
281210202121026,2
281210201031005,3
281210210034030,4
281210210014007,4
281210204011009,4
281210202183002,3
281210202091007,1
281210204024004,4
281210201032018,3
281210202091010,1
281210209023012,2
281210208012024,3
281210206012023,0
281210203043022,1
281210208031039,0
281210210014021,4
281210202152010,1
281210209023058,0
281210202152035,1
281210208044007,0
281210203043000,1
281210206012021,0
281210208043000,0
281210202085002,3
281210202191017,1
281210210042016,4
281210204013025,4
281210203041017,1
281210201051078,2
281210209012002,0
281210201051035,2
281210210051034,0
281210210033015,4
281210203031008,1
281210210051037,0
281210201051024,2
281210201051021,2
281210204012021,4
281210202193023,3
281210210032017,4
281219800001005,1
281210204022003,4
281210209011035,0
281210204024024,4
281210209021009,0
281210201011022,2
281210201011060,2
281210202192006,1
281210201051090,2
281210209021017,0
281210208012002,3
281210210052024,4
281210209012028,0
281210209021034,0
281210201032012,3
281210201013014,2
281210208032004,0
281210208041015,0
281210202094008,1
281210202094015,1
281210208052003,3
281210210034045,4
281210204021039,0
281210204025005,4
281210208041004,0
281210201051096,2
281210201051089,2
281210210043006,0
281210202193021,3
281210202161000,1
281210202121019,2
281210204023000,4
281210202171024,3
281210203041023,4
281210201013018,2
281210202152020,1
281210202086017,3
281210209023039,2
281210202181000,2
281210210051008,0
281210210014002,4
281210210011004,4
281210210032005,4
281210202183016,3
281210208044005,0
281210208031032,0
281210202082010,3
281210201011067,2
281210201011038,2
281210201051030,2
281210208032035,0
281210201051073,2
281210202193002,3
281210201041000,2
281210201011072,2
281210209023061,0
281210208041011,0
281210210042004,4
281210208031004,0
281210203041009,1
281210209011074,0
281210210042005,4
281210203041064,4
281210202084010,3
281210210034042,4
281210209011014,0
281210203041005,1
281210201031023,3
281210210052060,4
281210202121046,1
281210202142004,1
281210210031008,4
281210202083002,3
281210203041026,4
281210201042019,2
281210204012006,4
281210209011017,0
281210210011015,4
281210201042024,2
281210204013033,4
281210209021040,0
281210208044015,0
281210209023001,2
281210204011005,4
281210202121018,2
281210208032030,0
281210210052055,4
281210210052044,4
281210201041015,2
281210210052025,4
281210208041014,0
281210201011017,2
281210201012026,2
281210209021062,0
281210209021045,0
281210210034041,4
281210202192013,3
281210202183009,3
281210202161025,1
281210208032033,0
281210202191002,1
281210204022030,4
281210203041049,4
281210210013001,4
281210210041016,4
281210201051002,2
281210204022014,4
281210201012035,2
281210202142002,1
281210202102002,2
281210203043024,1
281210209011066,0
281210210052034,4
281210209023027,2
281210204022035,4
281210208062013,3
281210202092008,2
281210210052061,4
281210202151002,1
281210202192004,1
281210202182009,2
281210201011069,2
281210204021002,4
281210208061018,3
281210204021018,4
281210208012005,3
281210204021014,4
281210202121025,2
281210201041004,2
281210208031046,0
281210208041006,0
281210210051003,0
281210202181007,2
281210208041002,0
281210202193019,3
281210202193013,3
281210205001012,0
281210201051097,2
281210205002010,0
281210210041018,4
281210202086005,3
281210210012008,4
281210210032006,4
281210208011018,3
281210202084003,3
281210204025007,4
281210208043016,0
281210201011063,2
281210210012014,4
281210206011017,0
281210201013002,2
281210206022006,0
281210210033038,4
281210208011010,3
281210202152009,1
281210206011002,0
281210208031053,0
281210209011025,0
281210202182005,2
281210209023023,2
281210202091011,1
281210205001007,0
281210204023019,4
281210208044009,0
281210209021030,0
281210204025001,4
281210202093001,1
281210201011034,2
281210210051011,0
281210203041045,4
281210209022008,2
281210209011001,0
281210203042026,1
281210209011000,0
281210209012027,0
281210210034044,4
281210203032012,1
281210208044027,0
281210203043016,1
281210202121004,2
281210201051052,2
281210204013007,4
281210201012032,2
281210203041065,4
281210204012032,4
281210203043005,1
281210202152042,1
281210202103006,2
281210202086010,3
281210210014010,4
281210201042011,2
281219800001022,1
281210208061006,3
281210202121009,2
281210208012012,3
281210210052003,4
281210204021023,4
281210203041070,4
281210204011019,4
281210208031019,0
281210202084000,3
281210208012009,3
281210202152039,1
281210210051036,4
281210208031042,0
281210201011061,2
281210201013000,2
281210209012017,0
281210208031040,0
281210202141004,1
281210202192012,3
281210210033019,4
281210210033029,4
281210204013011,4
281210205002002,0
281210208061016,3
281210205001025,0
281210206022004,0
281210201031021,3
281210204013038,4
281210201051027,2
281210201051028,2
281210209022030,0
281210201041023,2
281210204012011,4
281210201041007,2
281210208062022,3
281210210051025,0
281210210013000,4
281210210011013,4
281210204023016,4
281210208061007,3
281210208052024,3
281210204024014,4
281210202152022,1
281210201031006,3
281210209021052,0
281210208032029,0
281210203042019,1
281210210052058,4
281210210052056,4
281210202131009,3
281210201011010,2
281210208032028,0
281210202084001,3
281210204023004,4
281210208043017,0
281210209021059,0
281210210041012,4
281210201012049,2
281210209011082,0
281210209011005,0
281210201051026,2
281210202191020,1
281210201011008,2
281210203041068,4
281210202091009,1
281210204012033,4
281210209023057,0
281210201051049,2
281210209021032,0
281210204013035,4
281210210051029,0
281210202162012,1
281210202086012,3
281210202193024,3
281210201051084,2
281210206011012,0
281210210041015,4
281210209021014,0
281219800001000,1
281210202192001,1
281210206012003,0
281210210051001,0
281210208061019,3
281210201032007,2
281210209022003,2
281210208042002,0
281210209021028,0
281210208052028,0
281210202101006,2
281210201011004,2
281210201051083,2
281210202101003,2
281210208051002,3
281210202192003,2
281210202152026,1
281210203042021,1
281210202103005,2
281210209021038,0
281210201051041,2
281210210011031,4
281210202121016,1
281210202086004,3
281210204024011,4
281210208061003,0
281210202172043,1
281210204024018,4
281210201051050,2
281210208042005,0
281210210033020,4
281210210051010,0
281210210031002,4
281210203041014,1
281210210052039,4
281210209011028,0
281210209023003,2
281210204013019,4
281210210041024,4
281210201051071,2
281210210034026,4
281210208031011,0
281210201041008,2
281210202183013,3
281210202131010,3
281210204025004,4
281210208061005,3
281210208044002,3
281210201042010,2
281210209011023,0
281210210042002,4
281210209023037,2
281210201012029,2
281219800001024,1
281210202085009,3
281210210034019,4
281210202081007,3
281210209022009,0
281210202082005,3
281210202182010,2
281210201032009,3
281210202121047,2
281210202094017,1
281210202085005,3
281210210011026,4
281210210014014,4
281210201011057,2
281210204023017,4
281210203032000,1
281210209012009,0
281210202152017,1
281210202103009,2
281210203043008,1
281210202103003,2
281210210042025,4
281210209012006,0
281210206011006,0
281210210014011,4
281210202093013,1
281210210041003,4
281210208044001,3
281210201031015,3
281210209021054,0
281210209021000,0
281210202121042,2
281210202181013,2
281210210051005,0
281210209023002,2
281210210043004,4
281210202193006,3
281210208062005,3
281210204012003,4
281210204011017,4
281210204011008,4
281210208031052,0
281210208031037,0
281210208031030,0
281210210052002,4
281210202101015,2
281210208062000,3
281210202152019,1
281210201011011,2
281210210052045,4
281210209011072,0
281210209011062,0
281210208044016,0
281210202141009,1
281210201051070,2
281210208052013,3
281210206012012,0
281210203032002,1
281210202093009,1
281210209022014,0
281210202181006,2
281210203042015,1
281210209021055,0
281210203031029,1
281210203042016,1
281210209011030,0
281210203043013,1
281210206012004,0
281210210034017,4
281210210032021,4
281210208011006,3
281210204021007,4
281210201031003,3
281210202121027,2
281210210033039,4
281210210034040,4
281210201051013,2
281210202183010,3
281210203041071,4
281210210014012,4
281210208031010,0
281210209021050,0
281210210013004,4
281210202121010,2
281210209021036,0
281210202086020,3
281210204021037,0
281210208041013,0
281210201041003,2
281210202191013,1
281210206012017,0
281210202103008,2
281210210011028,4
281210209022001,2
281210202101014,2
281210210052020,4
281210208043007,0
281210204011013,4
281210203041012,1
281210204022001,4
281210208043005,0
281210201013023,2
281210210034021,4
281210210034024,4
281210205001002,0
281210202091000,2
281210202086007,3
281210204022025,4
281210210041023,4
281210202086022,3
281210208052008,3
281210210034025,4
281210202142011,1
281210202092000,2
281210202093005,1
281210202102003,2
281210202085004,3
281210210052035,4
281210209011038,0
281210208032024,0
281210202193012,3
281210208044028,0
281210208052019,3
281210208052025,3
281210202193016,3
281210210014006,4
281210203032003,1
281210202121029,2
281210202161028,1
281210201012004,2
281210210032015,4
281210203031019,1
281210206012014,0
281210202152038,1
281210206012019,0
281210208061026,3
281210210034032,4
281210202161019,1
281210209011011,0
281210203031018,1
281210204013021,4
281210202151006,1
281210210051026,0
281210210042008,4
281210202162005,1
281210210034002,4
281210202152021,1
281210202121006,2
281210202191018,1
281210208042001,0
281210209021011,0
281210202092007,2
281210210011014,4
281210210014000,4
281210210031006,4
281210202085013,3
281210202161005,1
281210202161006,1
281210208042004,0
281210202152032,1
281210203042017,1
281210208032045,0
281210201013001,2
281210203041046,4
281210210034015,4
281210210033002,4
281210208061014,3
281210202103010,2
281210210033017,4
281210210011020,4
281210201031004,3
281210202091015,1
281210201012013,2
281210204024027,4
281210205001026,0
281210201011076,2
281210208032040,0
281210201031026,3
281210209021005,0
281210202183007,3
281210210034022,4
281210202103018,2
281210209011050,0
281210203041052,4
281210201011075,2
281210208031017,0
281210201013024,2
281210202121035,1
281210202081011,3
281210209023000,2
281210210042022,4
281210210042012,4
281210209011012,0
281210208041023,0
281210202102011,2
281210202152018,1
281210209023038,0
281210202082009,3
281210210052015,4
281210204011001,4
281210202192016,3
281210202092013,2
281210208052029,0
281210201031019,3
281210208032027,0
281210210051028,0
281210201012011,2
281210210032020,4
281210202171008,1
281210210014004,4
281210204011010,4
281210202183015,3
281210208031041,0
281210208044004,0
281210201012041,2
281210201012027,2
281210201011044,2
281210210052008,4
281210206012016,0
281210203031011,1
281210210052004,4
281210209011018,0
281210201032002,2
281210208031003,0
281210202082000,3
281210202092003,2
281210201051040,2
281210206011005,0
281210202193017,3
281210203031020,1
281210208052018,3
281210208041009,0
281210205001013,0
281210201011062,2
281210210052027,4
281210210042010,4
281210205001014,0
281210203032004,1
281210209023047,0
281210202102001,2
281210208062012,3
281210202101012,2
281210208052043,3
281210210052052,4
281210210031001,4
281210210011027,4
281210206011016,0
281210202094003,1
281210204013036,4
281210210052048,4
281210210034020,4
281210206011003,0
281210202183000,3
281210209021015,0
281210208032021,0
281210208061023,3
281210209023044,2
281210208031007,0
281210210052019,4
281210202152041,1
281210202152033,1
281210202091003,1
281210204024021,4
281210203031007,1
281210204012037,4
281210201031022,3
281210204023026,4
281210202162002,1
281210202141007,1
281210210033000,4
281219800001013,1
281210202086006,3
281210201051044,2
281210205001022,0
281219800001002,1
281210202161017,1
281210204022021,4
281210204021003,4
281210201031009,3
281210202182000,2
281210210041007,4
281210210042009,4
281210203042005,1
281210203043026,1
281210203041079,4
281210202161013,1
281210205002012,0
281210204024005,4
281210202121013,1
281210204012009,4
281210201041035,3
281210201041021,2
281210201042016,2
281210202121022,2
281210202086023,3
281210210032011,4
281210210041002,4
281210209021024,0
281210209022007,2
281210209023035,2
281210208031047,0
281210202152031,1
281210203043029,1
281210202181008,2
281210209011071,0
281210209023013,2
281210204022009,4
281210202121021,2
281210202121040,1
281210202181016,2
281210202082006,3
281210202193014,3
281210201013016,2
281210203041081,4
281210202182001,2
281210202171021,1
281210203031025,1
281210201051087,2
281210201051102,2
281210201012037,2
281210209022000,2
281210201011053,2
281210202102014,2
281210206012020,0
281210201013011,2
281210201013003,2
281210208011014,3
281210204022026,4
281210210033034,4
281210202141005,1
281210208012010,3
281210201012050,2
281210204022024,4
281210208052041,3
281210204011003,4
281210208011011,3
281210202121001,2
281210201042007,2
281210208042000,0
281210209021060,0
281210201012017,2
281210209021008,0
281210210034018,4
281210209021048,0
281210201051081,2
281210205002006,0
281210206011001,0
281210209011026,0
281210203041011,1
281210210011006,4
281210202152036,1
281210203043001,1
281210203041004,1
281210203041024,4
281210202191009,1
281210202171009,1
281210203031023,1
281210203043006,1
281210208012007,3
281210208032043,0
281210202091001,1
281210204021024,4
281219800001017,1
281210210052016,4
281210210052049,4
281210210034037,4
281210202192017,3
281210204021006,4
281210209023022,2
281210202121005,2
281210202101000,2
281210201011033,2
281210201011028,2
281210210032019,4
281210208032014,0
281210208032042,0
281210202151004,1
281210206012007,0
281210204011018,4
281210201011042,2
281210201011048,2
281210204013005,4
281210208032010,0
281210209021026,0
281210209011009,0
281210201012022,2
281210202172041,1
281210209011044,0
281210201012036,2
281210202092010,2
281210201051015,2
281210208012015,3
281210201051003,2
281210202192015,3
281210208044022,0
281210210033028,4
281210210033003,4
281210208042010,0
281210210052006,4
281210201051032,2
281210203031005,1
281219800001007,1
281210209011070,0
281210202121050,2
281210208031026,0
281210202192007,1
281210210012009,4
281210201011007,2
281210202152027,1
281210201011012,2
281210201041030,2
281210204013001,4
281210202161015,1
281210201012007,2
281210201012019,2
281210202193022,3
281210202152007,1
281210209011090,0
281210203031004,1
281210208031055,0
281210210031009,4
281210210033025,4
281210209011021,0
281210209011065,0
281210209011075,0
281210204023002,4
281210208052000,3
281210204022019,4
281210205001024,0
281219800001015,1
281210205001001,0
281210204013015,4
281210203043012,1
281210202101011,1
281210210051032,0
281210210012004,4
281210209021046,0
281210202085010,3
281210208042008,0
281210203042009,1
281210203041059,4
281210204024015,4
281210202161020,1
281210209023046,0
281210210041000,4
281210208052002,3
281210208061017,3
281210208044003,3
281210202121012,1
281210202142015,1
281210209021031,0
281210210041009,4
281210210051016,0
281210210052067,4
281210209011033,0
281210208052021,3
281210208044014,0
281210208052006,3
281210208043004,0
281210202171007,1
281210210011033,4
281210205001018,0
281210208012008,3
281210201051043,2
281210208032001,0
281210208011001,3
281210209022021,0
281210204012012,4
281210202084002,3
281210210033011,4
281210202086011,3
281210208012001,3
281210208012013,3
281210210033032,4
281210202082007,3
281210202171005,1
281210209023051,0
281210210041008,4
281210210033004,4
281219800001010,1
281210201051063,2
281210201051023,2
281210201011071,2
281210209023042,2
281210201012047,2
281210208011017,3
281210204012004,4
281210208032009,0
281210201013007,2
281210201011055,2
281210201041028,3
281210210032009,4
281210201042013,2
281210206011008,0
281210208062001,3
281210202152013,1
281210210031014,4
281210210042017,4
281210209023050,0
281210205002004,0
281210210051004,0
281210202191003,1
281210202085015,3
281219800001027,1
281210208052007,3
281210208012004,3
281210210014023,4
281210202172042,1
281210202121033,1
281210209022031,0
281210201011032,2
281210208062009,3
281210202151005,1
281210210012007,4
281210204012007,4
281210209021041,0
281210208044021,0
281210209011043,0
281210209011032,0
281210204012035,4
281210203032006,1
281210201042000,2
281210210041010,4
281210202121045,1
281210204013023,4
281210210052017,4
281210202161010,1
281210208044012,0
281210201041034,3
281210208011019,3
281210208032022,0
281210208032044,0
281210204023020,4
281210201032005,2
281210204021030,4
281210202162006,1
281210208041017,0
281210204012014,4
281210210043002,4
281219800001008,1
281210209011064,0
281210202086013,3
281210209023054,0
281210210052066,4
281210206011021,0
281210210011022,4
281210204022015,4
281210210012022,4
281210201051048,2
281210209011008,0
281210204012010,4
281210202161012,1
281210206012009,0
281210202102008,2
281210202191019,1
281210202086019,3
281210208044026,0
281210208052035,3
281210210033014,4
281210202081000,3
281210208042006,0
281210203041057,4
281210210014024,4
281210210052005,4
281210208061022,3
281210204023018,4
281210210052012,4
281210204022028,4
281210201051057,2
281210210042011,4
281210208043013,0
281210210033022,4
281210202161014,1
281210201012040,2
281210201051005,2
281210208052044,3
281210204024025,4
281210208031016,0
281210201051000,2
281210208031057,0
281210208031054,0
281210201051045,2
281210202094001,1
281210208012003,3
281210209021063,0
281210202183011,3
281210209011078,0
281210209011015,0
281210209011020,0
281210201011030,2
281210208044019,0
281210202152005,1
281210202161026,1
281210202141014,1
281210201011029,2
281210202121044,1
281210210014005,4
281210203041019,1
281210208011008,3
281210205002013,0
281210208044000,3
281210206012013,0
281210202086016,3
281210201032000,2
281210210034028,4
281210208043015,0
281210208052038,3
281210203032011,1
281210202192014,3
281210202193001,3
281210202162011,1
281210209021039,0
281210210011007,4
281210204024010,4
281210210033033,4
281210208044017,0
281210201051001,2
281210210052042,4
281210208061009,3
281210201041029,3
281210208012011,3
281210204013024,4
281210204012025,4
281210201051018,2
281210210051020,0
281210209023052,0
281210208031028,0
281210202091004,1
281210209012025,0
281210209011051,0
281210209011045,0
281210208041001,0
281210202121034,1
281210202121014,1
281210203042011,1
281210206012001,3
281210209022006,2
281210208011009,3
281210210033026,4
281210208041020,0
281210202131006,3
281210201011039,2
281210203043027,1
281210203031031,1
281210210012012,4
281210204013039,4
281210201031013,3
281210201031007,3
281210201051064,2
281210209021047,0
281210201011003,2
281210202121023,2
281210202182008,2
281210201051055,2
281210208044010,0
281210208032034,0
281210204013020,4
281210210052070,4
281210208061030,0
281210210042023,4
281210201012020,2
281210209021051,0
281210208062016,3
281210209021013,0
281210201012044,2
281210209011067,0
281210209011063,0
281210209011004,0
281210209011024,0
281210208032020,0
281210202102006,2
281210203043003,1
281210203041083,4
281210202086001,3
281210201013008,2
281210204024019,4
281210210014008,4
281210210011012,4
281210204022020,4
281210201051076,2
281210202161024,1
281210209023005,2
281210208051000,3
281210208061034,0
281210210012006,4
281210204013009,4
281210202183012,2
281210203031022,1
281210204013031,4
281210204013010,4
281210208052030,0
281210203041048,4
281219800001004,1
281210202142010,1
281210210032022,4
281210210051024,0
281210202142013,1
281210202085012,3
281210201032008,3
281210201013013,2
281210210034034,4
281210209023028,3
281210202172000,1
281210208011002,3
281210203031001,1
281210210034011,4
281210209021001,0
281210201011035,2
281210203043004,1
281210201012039,2
281210208041003,0
281210201011015,2
281210204022036,4
281210208031015,0
281210204013000,4
281210202152011,1
281210210043005,0
281210201041002,2
281210209021065,0
281210208012006,3
281210208062003,3
281210209011058,0
281210209022022,0
281210202141006,1
281210202084005,3
281210202085016,3
281210203041067,4
281210202162004,1
281210210012011,4
281210202152024,1
281210210012010,4
281210201051093,2
281210208052026,0
281210202152002,1
281210204011012,4
281210201031002,3
281210202183004,3
281210208062002,3
281210201011006,2
281210208062008,3
281210201013010,2
281210201013019,2
281210202086025,3
281210201042018,2
281210202103012,2
281219800001016,1
281210204021008,4
281210204022006,4
281210210052064,4
281210202121039,1
281210208032032,0
281210208032039,0
281210201032010,3
281210201011024,2
281210210041020,4
281210208051001,3
281210204024000,4
281210204021012,4
281210209023060,0
281210202103017,2
281210203041090,1
281210209011080,0
281210202191016,1
281210210052033,4
281210209011059,0
281210208043002,0
281210201031024,3
281210208012019,3
281210203043017,1
281210202152030,1
281210208032000,0
281210202121031,2
281210202091002,1
281210209011073,0
281210202081008,3
281210204013002,4
281210201013021,2
281210202102000,2
281210204012017,4
281210210033001,4
281210210012000,4
281210210051030,0
281210208052017,3
281210204012024,4
281210210011024,4
281210202151000,1
281210204021013,4
281210209021004,0
281210202152016,1
281210209011052,0
281210209011060,0
281210209011084,0
281210202094005,1
281210202081009,3
281210202181001,2
281210203041066,4
281210209022005,2
281210203041022,4
281210208041005,0
281210204012029,4
281210202085007,3
281210202193011,3
281210201011031,2
281210203043018,1
281210203041089,1
281210203041008,1
281210203041061,4
281210201042023,2
281210210011010,4
281210210031012,4
281210201012021,2
281210210011019,4
281210210052068,4
281210202094007,1
281210208011004,3
281210210052000,0
281210208011012,3
281210201042015,2
281210201051012,2
281210210032000,4
281210209022012,0
281210202171004,1
281210208061004,3
281210210013002,4
281210202162010,1
281210201051046,2
281210208042007,0
281210202121024,2
281210210014013,4
281210202092002,2
281210202182002,2
281210201031016,3
281210201031018,3
281210201042005,2
281210210041006,4
281210203032016,1
281210202091012,2
281210201013009,2
281210210041013,4
281210202102013,2
281210210034027,4
281210208061013,3
281210210031013,4
281210202161008,1
281210203032014,1
281210210033009,4
281210210033010,4
281210210033030,4
281210210042026,4
281210202192019,3
281210208052040,3
281210201031000,3
281210204024007,4
281210202103002,2
281210210052029,4
281210210034023,4
281210204022004,4
281210202192021,2
281210208043010,0
281210208044025,0
281210202085000,3
281210201051020,2
281210209023032,2
281210203041072,4
281210210013005,4
281210203041051,4
281210202152000,1
281210210051013,0
281210210034035,4
281210203031035,1
281210203041043,4
281210202093002,1
281210208062018,3
281210201051101,2
281210210041005,4
281210201012024,2
281210202141013,1
281210204024023,4
281210210032001,4
281210201011052,2
281210201051085,2
281210201051103,2
281210208042003,0
281210210034009,4
281210208011007,3
281210204023015,4
281210202093004,1
281210201012015,2
281210209011006,0
281210208031002,0
281210209023041,2
281210201011005,2
281210202142001,1
281210208052022,0
281210210041022,4
281210204012031,4
281210204023010,4
281210208061033,0
281210201012010,2
281210209011036,0
281210210013003,4
281210208044020,0
281210202191012,1
281210202191015,1
281210210042018,4
281210201011020,2
281210204024017,4
281210204013012,4
281210205002005,0
281210202084008,3
281210202103013,2
281210209023059,0
281210208043006,0
281210203042023,1
281210203041044,4
281210202091013,2
281210209011031,0
281210202191010,1
281210203042018,1
281210209011047,0
281210208052010,3
281210203043014,1
281210203041042,1
281210210041014,4
281210202081006,3
281210203042007,1
281210204013003,4
281210203032010,1
281210209012012,0
281210210033027,4
281210208032025,0
281210210013010,4
281210201031017,3
281210204024020,4
281210210012019,4
281210203032017,1
281210204022031,4
281210208052042,3
281210208061029,3
281210205001023,0
281210210011018,4
281210201031010,3
281210210034008,4
281210210052051,4
281210209011019,0
281210209023033,0
281210204021022,4
281210210052063,4
281210202131003,3
281210210034014,4
281210210032013,4
281210201011000,2
281210201041012,2
281210208052045,3
281210202141017,1
281210202141016,1
281210209021033,0
281210209023021,2
281210201051051,2
281210210034007,4
281210210013007,4
281210204022005,4
281210210011000,4
281210203042010,1
281210203041047,4
281210202121017,1
281210208041021,0
281210209022017,0
281219800001011,1
281210203031034,1
281210201051014,2
281210206011015,0
281210210034016,4
281210201012038,2
281210208052033,3
281210203031028,1
281210201051104,2
281210201041032,2
281210208012000,3
281210208031029,0
281210202152015,1
281210208031033,0
281210204011016,4
281210208032002,0
281210208032003,0
281210209011053,0
281210202182006,2
281210208032041,0
281210202121048,2
281210202121020,2
281210201051007,2
281210204021017,4
281210204022022,4
281210202092011,2
281210210052041,4
281210202161001,1
281210210032002,4
281210203032008,1
281210203041010,1
281210201011058,2
281210210032012,4
281210202171003,1
281210208062007,3
281210206011007,0
281210201011068,2
281210202082004,3
281210201011077,2
281210203032005,1
281210202162007,1
281210201031012,3
281210201011023,2
281210202181005,2
281210208032036,0
281210201012033,2
281210209012005,0
281210201011014,2
281210209023043,2
281210201051025,2
281210202152034,1
281210204024001,4
281210201042004,2
281210209021064,0
281210201031001,3
281210209011091,0
281210201012023,2
281210208052032,0
281210202094004,1
281210202161021,1
281210201051053,2
281210209023015,2
281210210052001,0
281210202142012,1
281210203031016,1
281210210014022,4
281210204024028,4
281210202102016,2
281210209021056,0
281210202151007,1
281210201011056,2
281210204025006,4
281210209012007,0
281210201011073,2
281210201011054,2
281210203042027,1
281210201032019,2
281210201041011,2
281210203041069,4
281210208031008,0
281210208052039,3
281210208031031,0
281210202101013,2
281210209022026,0
281210210011023,4
281210201041026,3
281210208031036,0
281210209022028,0
281210209023008,2
281210202131011,3
281210202193004,3
281210209021012,0
281210202183005,2
281210210011009,4
281210203041020,1
281210204022032,4
281210202193009,3
281210210051033,0
281210203041000,1
281210202192011,1
281210202142009,1
281210210012020,4
281210201012031,2
281210203031012,1
281210202152025,1
281210203041063,4
281210202192018,3
281210208032031,0
281210209021019,0
281210210051015,0
281210201051107,2
281210210043001,0
281210202102012,2
281210210052057,4
281210210041019,4
281210201011043,2
281210202091006,1
281210210011029,4
281210208031051,0
281210202121049,2
281210210042007,4
281210208062004,3
281210210034033,4
281210201011051,2
281210203031030,1
281210202171026,3
281210203043015,1
281210210033005,4
281210201013025,2
281210201042008,2
281210208041019,0
281210204022017,4
281210208043020,0
281210209012024,0
281210204024022,4
281210202181012,2
281210208052031,0
281210210041004,4
281210202121007,2
281210209022011,2
281210201041027,3
281210208062021,3
281210209011056,0
281210204021010,4
281210202191014,1
281210209011049,0
281219800001020,1
281210206011000,0
281210204021015,4
281210204024012,4
281210203043023,1
281210210031011,4
281210201051038,2
281210205001006,0
281210202091005,1
281210209021010,0
281210204012008,4
281210204021001,4
281210204024026,4
281210205001003,0
281210201041017,2
281210202162008,1
281210208031043,0
281210202182007,2
281210209012001,0
281210201041016,2
281210204013006,4
281210208041000,0
281210208044023,0
281210202085001,3
281210210033035,4
281210204024006,4
281210204022033,4
281210204013030,4
281210201051072,2
281210208011005,3
281210201051095,2
281210208041018,0
281210206011013,0
281210201051034,2
281210209023020,2
281210201012000,2
281210203042020,1
281210202086008,3
281210203032001,1
281210201042022,2
281210209021049,0
281210203031013,1
281210210012016,4
281210208032046,0
281210201032014,3
281210201042017,2
281210204021044,0
281210205001021,0
281210210052046,4
281210201011046,2
281210210051000,0
281210210051018,0
281210202183003,3
281210206012008,0
281210202091014,2
281210203042012,1
281210209023017,2
281210203042001,1
281210201051042,2
281210202094009,1
281210210051027,0
281210210031003,4
281210204011015,4
281210206011022,0
281210202182004,2
281210202182011,2
281210210052072,4
281210201051022,2
281210203031024,1
281210210052018,4
281210201011049,2
281210202086000,3
281210203032015,1
281210203042002,1
281210202102005,2
281210201011041,2
281210205002003,0
281210210052043,4
281210208061024,3
281210202193000,3
281210202103015,2
281210201042002,2
281210208031023,0
281210206022005,0
281210208062014,3
281210210051022,0
281210209011061,0
281210202162000,1
281210202131005,3
281210209012022,0
281210209011069,0
281210210041001,4
281210202183014,3
281210202093008,1
281210203041018,1
281210201051059,2
281210204012016,4
281210210034010,4
281210210051023,0
281210208044013,0
281210210032007,4
281210210052013,4
281210210033024,4
281210208061002,3
281210201042012,2
281210210014003,4
281210202121028,2
281210201013022,2
281210206012000,3
281210203043021,1
281210202102010,2
281210203041050,4
281210210034038,4
281210209022004,2
281210210051002,0
281210208032018,0
281210208031049,0
281210202086003,3
281210208012014,3
281210201041009,2
281210209023049,0
281210210042003,4
281210208032008,0
281210208061031,0
281210209021044,0
281210209021022,0
281210209011055,0
281210209021025,0
281210203041015,1
281210201051006,2
281210203041041,1
281210202131000,3
281210208032012,0
281210201013020,2
281219800001026,1
281210208012017,3
281210202103007,2
281210210042014,4
281210204013014,4
281210202192008,1
281210202141015,1
281210208061025,3
281210208042009,0
281210201051060,2
281210203032007,1
281210201041033,3
281210209021043,0
281210204012030,4
281210209012003,0
281210202193008,3
281210208032013,0
281210208012025,3
281210201012048,2
281210202081003,3
281210210051021,0
281210209023053,0
281210210014020,4
281210202086002,3
281210209012004,0
281210209021027,0
281210209021023,0
281210208032007,0
281210210052036,4
281210210051038,0
281210202171001,1
281210208062006,3
281210205002000,0
281210204022010,4
281210202093003,1
281210208052012,3
281210204023003,4
281210204022011,4
281210202094006,2
281210210011001,4
281210206022000,0
281210201051069,2
281210203042003,1
281210202161003,1
281210208043012,0
281210204024002,4
281210201011037,2
281210210042015,4
281210208044024,0
281210201051094,2
281219800001018,1
281210210052053,4
281210210034031,4
281210208031006,0
281210201011070,2
281210202101010,2
281210210011016,4
281210202141002,1
281210204023001,4
281210202152008,1
281210202152001,1
281210209012018,0
281210204021019,4
281210204013022,4
281210209021037,0
281210202093012,1
281210209011089,0
281210202192010,1
281210202094016,1
281210202192009,1
281210201051058,2
281210206011004,0
281210202131002,3
281210210042030,4
281210205001000,0
281210204022000,4
281210210052009,4
281210201041025,3
281210201051061,2
281210209012000,0
281210201051105,2
281210210031000,4
281210203031014,1
281210204013026,4
281210204012015,4
281210210013008,4
281210204013018,4
281210208044006,0
281210202121038,1
281210207031000,3
281210204013029,4
281210210041011,4
281210208061015,3
281210208061011,3
281210202152023,1
281210202152040,1
281210210052021,4
281210204021005,4
281210208052004,3
281210210052010,4
281210208031000,0
281210208032047,0
281210202121041,2
281210206011019,0
281210202081004,3
281210210012013,4
281210201012028,2
281210208061008,3
281210208031038,0
281210210052071,4
281210202142006,1
281219800001001,1
281210202101005,2
281210210042031,4
281210210052069,4
281210209011048,0
281210205001016,0
281210202191005,1
281210206012005,0
281210202084007,3
281210208031050,0
281210204013008,4
281210208011016,3
281210202171023,1
281210201051099,2
281210201051091,2
281210201051004,2
281210208043011,0
281210203031002,1
281210209021035,0
281210210052030,4
281210202142008,1
281210202161002,1
281210210052028,4
281210202086024,3
281210202171002,1
281210204012028,4
281210203041007,1
281210204013028,4
281210210012003,4
281210201012034,2
281210210013006,4
281210210042024,4
281210210034036,4
281210204013016,4
281210203042024,1
281210201032013,3
281210208012028,3
281210210014018,4
281210201012016,2
281210210014026,4
281210208012023,3
281210208061010,3
281210201042001,2
281210201032001,2
281210202082008,3
281210201051065,2
281210204023025,4
281210202142000,1
281210209011087,0
281210209012015,0
281210202094011,1
281210202121002,2
281210202092001,2
281210202092014,2
281210202103014,2
281210210042001,4
281210210043000,0
281210202171022,1
281210204022012,4
281210202092006,2
281210210014017,4
281210202101004,2
281210210051039,0
281210202083003,3
281210210052054,4
281210210042021,4
281210208041010,0
281210210012018,4
281210201011066,2
281210204011007,4
281210201042003,2
281210203043011,1
281210202131004,3
281210209021003,0
281210210052011,4
281210210014009,4
281210204021011,4
281210203041016,1
281210209022016,0
281210201051056,2
281210202085006,3
281210202141008,1
281210202081001,3
281210210052022,4
281210208052005,3
281210208031013,0
281210201012018,2
281210204023027,4
281210209023045,0
281210204013004,4
281210201013006,2
281210204012013,4
281210202151003,1
281210209023040,2
281210201012042,2
281210201011009,2
281210201051079,2
281210209022018,0
281210208031024,0
281210202183008,2
281210206012002,0
281210202084009,3
281210202081010,3
281210209022024,0
281210203041054,4
281210210011011,4
281210210013015,4
281210209023010,2
281210203031027,1
281210201051033,2
281210202151008,1
281210203031006,1
281210202093007,1
281210201011050,2
281210202092009,2
281210202101008,1
281210209022032,0
281210210034039,4
281210202083004,3
281210204011002,4
281210210052026,4
281210210013009,4
281210210051019,0
281210209023029,3
281210205001004,0
281210202181014,2
281210202085003,3
281210210032003,4
281210202091008,1
281210208061028,3
281210208031022,0
281210201012003,2
281210210051040,0
281210209011013,0
281210201031025,3
281210208041022,0
281210206012022,0
281210202171025,3
281210202181015,2
281210202162003,1
281210204023024,4
281210209012019,0
281210210043003,4
281210206011011,0
281210203042006,1
281210201011064,2
281210208043019,0
281210203031009,1
281210210051031,0
281210209011010,0
281210202161004,1
281210202191006,1
281210204024013,4
281210208061021,3
281210202182003,2
281210202141018,1
281210203032013,1
281210204011014,4
281210203041031,1
281210208031025,0
281210202083001,3
281210204022002,4
281210204013034,4
281210210033021,4
281210202161009,1
281210202141012,1
281210209022023,0
281210202161022,1
281210209012023,0
281210209022019,0
281210202142003,1
281210202181009,2
281210202141011,1
281210208052015,3
281210202161027,1
281210201011078,2
281210208062017,3
281210202191004,1
281210202191007,1
281210210051041,4
281210204022034,4
281210210052059,4
281210208052020,3
281210203042025,1
281210202086021,3
281210202193005,3
281210203031033,1
281219800001021,1
281210202101017,2
281210204011011,4
281210210042020,4
281210210034043,4
281210203041060,4
281210208062026,0
281210201031014,3
281210201041019,3
281210203042022,1
281210210051012,0
281210204012036,4
281210210052037,4
281210208032026,0
281210210011032,4
281210203031032,1
281210204023022,4
281210208031048,0
281210208031012,0
281210208031027,0
281210202141001,1
281210202101001,2
281210202142005,1
281210204012023,4
281210209012014,0
281210208041012,0
281210202152003,1
281210209011039,0
281219800001003,1
281210201013004,2
281210208062023,0
281210201051008,2
281210201041001,2
281210209023009,2
281210201042021,2
281210210033013,4
281210202142007,1
281210208043009,0
281210201012002,2
281210209021020,0
281210201013017,2
281210202161016,1
281210210012017,4
281210208062020,3
281210203041013,1
281210203032018,1
281210202183006,3
281210210014025,4
281210210011008,4
281210204011000,4
