GEOID,DIST
010730144141007,1
010730143033016,3
010730144143044,5
010730144051002,4
010730144051008,4
010730144103029,1
010730144082008,6
010730144092022,5
010730144092017,5
010730143032011,3
010730144063022,4
011170303473025,2
011170303042031,0
011170303473003,2
011170303511006,1
011170303461017,2
011170303473024,2
011170303502013,1
011170303483014,2
010730144061000,4
010730144052024,4
010730144152010,3
010730127041032,2
010730143034073,3
010730144151017,4
010730144141006,1
010730129131004,6
010730144061024,4
010730144083010,0
010730143034022,3
010730129084007,5
010730129083008,5
011170303473000,2
010730129182002,6
010730144082011,6
010730144063002,4
010730144143035,5
010730144143007,4
010730142081000,3
010730142082007,1
011170303041027,0
011170303502052,1
011170302123027,2
011170303512039,1
011170303511017,1
011170303472019,2
010730144152005,3
010730144053027,4
010730144081007,6
011170303142007,0
010730144092002,5
011170303473029,2
010730129084026,5
010730144081015,6
010730144122036,4
010730144062004,4
010730144061015,4
010730143034077,3
010730144102021,1
010730129071003,0
010730129074002,0
011170303512003,1
010730144122047,4
011170303522044,0
011170303142043,0
011170303142045,0
011170303501014,1
011170303512001,1
011170303522016,0
011170302123021,2
011170303523005,0
011170303523001,0
010730144091005,5
010730143031043,3
010730144101007,0
010730129084021,5
010730129081006,5
010730144152015,3
010730129101067,2
011170303511029,1
011170303502007,1
010730144091053,5
010730144061030,4
010730129101073,2
010730129084004,5
010730144091058,5
010730129192004,6
010730144092009,5
010730144103003,1
010730144102022,1
011170303053002,2
011170302201013,2
010730129073041,5
010730144091008,5
010730144143008,5
011170303041013,0
011170303462039,2
011170303483006,2
011170303461011,2
011170303302002,2
011170303511009,1
011170303142047,0
011170303041005,0
011170303043004,0
011170303042050,0
011170303522043,0
011170303142027,6
010730144122006,4
010730144142016,3
010730144151025,4
010730144083000,6
010730143034024,3
011170303042056,0
011170303042038,0
010730142093029,3
010730129071011,0
010730129192005,6
010730143034006,3
010730144151028,4
010730144051009,4
010730143041009,3
010730144101004,6
010730129071006,0
011170303043019,0
011170302162007,2
011170303302017,2
011170303042013,0
011170303483018,2
011170303523019,0
011170303461013,2
011170303501039,1
011170303511023,1
011170303512009,1
011170303524003,0
011170303302007,2
010730144101013,0
010730129072026,0
010730142093032,3
010730143034072,3
011170303042057,0
011170303462046,2
011170303042022,2
011170302203006,2
011170303511005,1
011170303471019,2
010730129101072,2
010730144062003,4
010730144061012,4
010730144103019,1
011170303523017,0
010730129172007,5
010730143034036,3
010730144152023,3
010730142093019,3
010730144092003,5
011170303042037,0
011170302161013,2
011170303483029,2
011170303042024,2
011170303523040,0
011170303302000,2
011170303312001,2
011170303472014,2
011170303522000,0
011170303043011,0
011170303142005,0
010730144143025,5
010730144051003,4
010730144122044,4
010730144151027,4
010730143034028,3
010730142082012,1
010730144151036,3
011170303142033,0
011170302202029,2
010730129071014,0
010730144091054,5
011170303523011,1
011170302111019,2
010730144151020,3
010730127041028,2
010730144061041,4
010730129131009,6
010730144061017,4
010730144121016,4
011170303303028,2
011170303473037,2
010730144151022,3
010730144062011,4
010730143032009,3
010730129182001,6
011170303044026,0
011170303462051,2
010730142083011,1
011170303044027,2
011170302211026,2
011170302161008,2
011170303523051,0
011170303041000,0
011170303462031,2
011170303462032,2
011170303041043,0
011170303524009,0
011170303142036,0
011170303303017,2
011170303461019,2
011170303523002,0
010730144142012,3
010730142084004,1
010730129073007,5
010730144143009,5
011170303043008,0
010730143032007,3
010730144143028,5
010730144151018,3
010730143034055,3
010730144152017,3
010730144052016,4
010730144091033,5
010730142052032,1
010730144103012,1
010730144103015,1
010730144103001,1
010730144082023,6
011170302203010,2
011170303041026,0
010730144102017,1
011170302123015,2
011170303461010,2
011170303512014,1
011170303141002,0
011170303473006,2
011170302203007,2
011170303502006,1
010730144063009,4
010730144152004,3
011170303462059,2
011170303473039,2
011170303473008,2
011170302201008,2
010730142081005,1
010730144151021,3
010730143032020,3
010730142093024,3
010730144061019,4
010730142084054,1
010730129073036,5
010730143034017,3
010730144092012,5
011170302202030,2
011170303483013,2
010730142093033,3
010730144053029,4
010730144064015,4
011170303461020,2
011170303041019,0
011170303303012,2
011170303523047,0
011170303041042,0
011170302123025,2
011170303461027,2
011170302201015,2
011170303502011,1
011170303141006,0
011170302161003,2
011170303523032,0
011170303522022,0
011170302161002,2
011170302161015,2
010730144122007,4
010730129082008,5
010730144061044,4
010730144122024,4
011170303142032,0
011170302203002,2
010730144143041,5
010730144142005,1
010730143031044,3
010730144083023,0
010730129081008,5
010730143034018,3
010730144103025,1
010730144063000,4
011170302211022,2
010730144083017,6
010730144062002,4
010730144091034,5
010730129073034,5
011170302201017,2
011170303502115,1
011170302202003,2
011170303461023,2
010730144103020,1
011170303502057,1
011170303523018,0
011170303473002,2
011170303523033,0
011170303473050,2
010730144122005,4
010730143032024,3
011170303151007,0
011170303511013,1
011170303511027,1
011170303512017,1
010730143032018,3
010730144091050,5
010730144061042,4
010730144041057,4
010730142051000,1
010730142052033,1
010730129191002,6
010730144152006,3
010730143041010,3
010730144081005,6
011170303523003,0
011170302161006,2
010730129181008,6
010730144082006,6
010730144062012,4
011170303044034,0
011170302161005,2
011170303473023,2
011170302204015,2
011170303523045,0
011170303042032,0
011170303462043,2
011170303042055,0
010730144142015,3
010730142082009,1
010730144122055,4
010730144062029,4
010730129073006,5
010730144041055,4
010730144091045,5
010730144061031,4
010730142093035,3
011170303142019,0
010730129083013,5
010730144151044,3
010730144081013,6
010730144062007,4
010730143034015,3
010730143034007,3
010730144052012,4
010730144091040,5
010730144092007,5
011170303142031,0
010730129073029,5
010730144102014,6
010730143033014,3
010730144064011,4
010730143034048,3
011170303041039,0
011170303473016,2
011170303041018,0
011170303501037,1
011170303042025,2
011170303512008,1
010730144101012,0
010730144064010,4
010730143034003,3
010730142084010,1
011170302202000,2
011170302202031,2
011170303483027,2
010730143033012,3
010730143033013,3
010730142093022,3
010730144122014,4
010730129071004,0
010730129192000,6
010730144082005,6
011170303523060,0
011170303151006,0
011170302211009,2
010730144053012,4
010730129071022,0
010730144091048,5
010730142093003,3
010730144143016,5
010730129073026,5
010730143041000,3
010730129072016,6
011170303522019,0
011170303511002,1
011170303471020,2
011170302204013,2
011170303472022,2
011170303523050,0
011170303303022,2
011170303523031,0
011170303523048,0
010730142083007,1
010730144122000,4
010730144041062,4
010730129082005,5
010730142081002,1
010730143041013,3
010730129073009,5
010730129172013,5
011170303472016,2
011170303042053,0
010730144143026,5
010730129072010,0
010730142083005,1
010730144122037,4
010730142083010,1
010730144053011,4
010730144092016,5
011170303524008,0
011170302161020,2
010730129071000,0
010730143034076,3
010730129083007,5
010730129083004,5
010730129172011,5
010730144041056,4
010730144152014,3
010730142082015,1
010730144152022,3
010730142093005,3
011170303473019,2
010730142081001,3
011170303461012,2
011170302201018,2
011170303142030,0
011170303522002,0
011170303044021,0
011170303041006,0
011170302162000,2
011170303462036,0
010730142082005,1
010730129082003,5
010730144062023,5
011170303044038,2
010730144081001,6
011170303044008,0
011170303302005,2
011170303461022,2
011170303044020,0
010730142083013,1
010730129071017,0
010730143034020,3
010730144143034,5
011170303302006,2
011170303483002,2
010730144122053,4
010730144052023,4
010730142093020,3
010730144091024,5
011170302123001,2
010730144064005,5
011170303462034,0
011170303461026,2
011170303042016,2
010730129084022,5
011170303473030,2
011170303041020,0
011170303303005,2
011170303523054,0
011170303523043,0
011170303522009,0
010730129072001,0
010730144101011,0
010730144091051,5
010730144091031,5
010730143034041,3
010730129133002,6
011170303472005,2
011170303501036,1
011170303051003,0
011170303044023,0
010730142052031,1
010730129132003,6
010730144142001,3
010730143034021,3
011170303041007,0
011170303473011,2
010730144121004,3
011170302202009,2
011170303473033,2
010730144092015,5
010730144102012,6
011170303303020,2
011170303511021,1
010730129073020,5
011170303512029,1
011170303501015,1
011170303521006,1
011170303523044,0
011170303044001,0
010730143034045,3
010730142082013,1
010730144063016,4
010730144063007,4
010730142093030,3
010730142093021,3
011170303041044,0
011170302202020,2
011170303523000,0
011170303523010,1
010730142081009,1
010730144041032,4
010730129191001,6
010730129073037,5
011170303042047,0
011170302202013,2
011170302211011,2
011170303523053,0
011170303041004,0
011170303041035,0
011170303303003,2
011170303303007,2
011170303473045,2
011170303042041,0
011170303053026,0
011170302201014,2
011170303511008,1
011170302162006,2
010730144143005,4
010730144062006,4
010730144052001,4
010730129073002,5
010730142084005,1
010730144061014,4
010730142093023,3
010730129073016,5
010730144061013,4
011170303044003,0
011170302202001,2
011170303512010,1
011170303043000,0
010730144141015,1
010730144063024,4
010730144102009,6
010730142093001,3
010730143033003,3
010730144102003,6
010730143041007,3
010730143031026,3
011170303502012,1
011170303473010,2
010730144103027,1
010730129081004,5
010730129071028,5
010730129071023,0
010730144103022,1
011170303043014,0
011170303051001,0
011170303472021,2
010730144122025,4
011170303502065,1
011170303511001,1
011170303482004,2
011170303462064,0
010730144121008,4
010730144053005,4
010730144122057,4
010730143043027,3
010730142081010,1
010730129171004,5
011170302202007,2
011170303142002,0
011170303042033,0
010730144101016,0
010730129073039,5
010730129131010,6
010730129073038,5
010730144142013,3
010730144091041,5
011170303501023,1
010730142091021,1
010730129072023,0
010730129172010,5
010730144101003,1
010730129084012,5
010730129083005,5
010730129172006,5
011170303472002,2
011170302162003,2
011170303462005,2
011170302202025,2
011170303522041,0
011170303151004,0
011170303501038,1
011170302203009,2
011170302211007,2
011170302202027,2
010730144143021,5
011170303302004,2
011170303502042,1
011170302202004,2
010730143032014,3
010730144102023,6
010730144051005,4
010730143041006,3
010730129071002,0
010730144091007,5
011170303502003,1
010730144091012,5
010730144122048,4
010730142093026,3
010730129083014,5
010730144061045,4
011170303461024,2
011170303512038,1
011170302163001,2
011170302211017,2
011170303142000,0
011170302162002,2
011170303502050,1
011170303462006,2
011170303472008,2
011170303512019,1
011170302202032,2
011170303511011,1
011170303502004,1
011170303303010,2
011170303471023,2
011170303042058,0
010730142082011,1
011170303041045,0
011170303142046,0
010730143032000,3
010730144143037,5
010730144142004,3
010730144092014,5
010730144083016,6
010730144061021,4
010730144062028,4
010730142093016,3
011170302211012,2
011170303041002,0
011170303473049,2
010730143033009,3
010730144143036,5
010730144091017,5
011170303472011,2
011170303044011,0
010730142052007,1
011170303523063,0
011170303042018,0
011170303471008,2
011170303041046,0
011170303472020,2
011170302202005,2
011170303303030,2
011170302204012,2
011170303512026,1
011170303043017,0
010730142093037,3
010730144052013,4
010730144081002,6
011170303501032,1
011170303511025,1
011170303512031,1
011170303462003,2
010730144102010,6
010730144143000,4
010730142083012,1
010730129084016,5
010730144081009,6
010730129073008,5
010730144081003,6
010730143033002,3
010730144143011,5
010730144141000,5
010730144063001,4
010730142081011,1
010730129072007,0
010730129073043,5
010730144052003,4
010730144151009,4
010730144061003,4
011170302201001,2
010730144083018,6
010730144103009,1
011170303523057,0
011170303053025,0
011170303524001,0
011170303473020,2
011170303461029,2
011170303044036,2
011170303462038,2
011170303524002,0
011170303483000,2
010730144122004,4
010730142084023,1
010730144091057,5
010730144091036,5
010730144061036,4
010730129133007,0
010730144091030,5
011170303512012,1
011170303523016,0
011170303041008,0
010730143032017,3
010730144141009,5
010730142083015,1
010730129073018,5
010730144061023,4
010730144061035,4
010730144151037,3
010730144151030,3
010730143033005,3
010730144061040,4
011170303483003,2
010730144103034,6
010730129171013,5
010730129073028,5
010730142093009,3
010730129083011,5
010730144102002,6
011170303044002,0
010730144061039,4
010730129084017,5
011170303461015,2
011170303472012,2
011170303521011,1
011170303473009,2
011170302211010,2
011170302211021,2
011170303473048,2
011170303312002,2
011170303462062,2
011170303501027,1
011170303523038,0
010730129083009,5
010730144103000,1
010730142082010,1
010730144082013,6
010730143034002,3
011170302123019,2
011170303511026,1
011170303502112,1
011170303142021,0
011170303522011,0
010730143041015,3
010730144092001,5
010730144103010,1
010730144122030,4
010730143032019,3
010730143034008,3
010730144103016,1
010730144091043,5
010730144151024,4
010730129081002,5
010730129082012,5
011170302202008,2
010730144083022,6
010730143041011,3
011170303142037,0
011170303462011,2
011170303512000,1
011170303502015,1
011170303472000,2
011170303053007,0
011170303044015,0
011170303044044,0
011170303524004,0
011170303523049,0
011170303142009,0
010730142093011,3
010730144063011,4
010730144062010,4
010730129074003,0
010730143032026,3
010730144151031,3
010730144051001,4
011170302202019,2
011170303462057,2
011170303042036,0
010730129084027,5
010730129073019,5
010730129192003,6
010730144122043,4
010730144083012,6
010730144092027,4
011170303303018,2
011170303523009,0
010730129083016,5
010730129182008,6
010730144064002,5
011170303473014,2
011170303522042,0
011170303523027,0
011170303302003,2
011170303462013,2
011170303044041,2
011170303511028,1
011170303044024,0
011170303462019,2
011170303041021,0
011170303502010,1
011170303512013,1
011170303053029,0
011170303522040,0
010730144121002,4
010730144053008,4
010730142081012,1
010730144062020,4
011170303041038,0
010730144081000,6
010730129182006,6
011170303364027,1
011170302203005,2
010730144081004,6
010730142093031,3
010730144091042,5
010730142083014,1
010730129074007,0
010730144062001,4
010730143032022,3
010730144092019,5
010730144061037,4
011170303524000,0
011170303142035,0
011170303043022,0
011170302201006,2
011170302201019,2
010730129084029,5
010730144091037,5
010730144041046,4
011170303053023,0
011170302123016,2
011170303473026,2
011170303523052,0
011170303523028,0
011170303472004,2
011170303461005,2
011170303042034,0
011170303472023,2
011170303462054,2
011170303142023,0
011170303511010,1
010730144103030,1
010730129072006,0
010730142084052,1
010730129073000,5
010730143041003,3
011170303043001,0
011170303473043,2
011170303502068,1
011170303502056,1
011170302202016,2
011170303483025,2
010730143034011,3
010730144152018,3
010730129073004,5
010730144121012,4
010730144143003,4
011170303142016,0
010730144091020,5
010730129083015,5
010730144083008,6
010730144062027,5
010730129073023,5
010730129082010,5
010730144053015,4
011179801001010,2
011170302211014,2
010730144082022,6
011170303462025,2
011170302202028,2
011170302203003,2
011170303512035,1
010730144142003,3
011170303471011,2
011170303141001,0
011170302121003,2
011170303501020,1
011170303041015,0
011170303511019,1
011170303303019,2
011170302211024,2
010730144052021,4
010730144122049,4
010730142084003,1
010730129133000,6
011170302202011,2
011170303511022,1
010730144061043,4
010730129072003,0
010730144103024,1
010730129084011,5
010730129133005,6
010730144102013,6
011170302123017,2
010730144151002,4
010730143033006,3
010730129083010,5
010730144142000,3
010730144102018,6
010730144103028,1
010730144151019,3
011170303044040,2
010730142083009,1
010730129172004,5
011170303462000,2
011170303303023,2
011170303042026,2
011170303462016,2
011170303501018,1
010730144061002,4
010730144152009,3
010730129073032,5
010730144061001,4
011170302111028,2
011170303501031,1
011170303471007,2
010730129182009,6
010730142093028,3
010730143041017,3
011170303462055,2
010730144062008,4
010730129081007,5
010730144081014,6
010730144142009,1
010730144141016,1
010730144091000,5
010730142082003,1
010730144052019,4
010730144122011,4
010730143034038,3
011170302203008,2
011170302204010,2
011170303523024,0
011170303462060,2
011170303462035,0
011170303501035,1
011170303522026,0
011170303512027,1
010730142082004,1
010730129072017,6
010730144053019,4
010730144053016,4
010730144061010,4
011170303042042,0
011170303044028,2
011170303521007,1
011170303142029,0
010730144142018,3
010730127041017,2
010730144141010,5
010730143034068,3
010730129073014,5
010730129083002,5
010730144061028,4
010730143034014,3
010730144151015,3
010730129084008,5
010730144103017,1
011170303142018,0
010730144102015,1
010730144143012,5
010730142081003,1
011170303512005,1
011170303142025,0
011170303502113,1
010730143031030,3
011170303303006,2
011170303043023,0
011170303522025,0
011170303303013,2
011170303041028,0
011170303502066,1
011170303141004,0
011170302161019,2
011170302162001,2
011170303523026,0
010730129101069,2
010730144052006,4
010730144143002,4
010730144053003,4
010730144052005,4
010730144122001,4
010730142093025,3
010730143032010,3
011170302203001,2
010730144143015,5
011170303051006,0
011170303042035,0
010730144152019,3
010730129131007,6
010730144152011,3
010730129084006,5
010730144091006,5
010730144062018,4
011170303501017,1
011170303523041,0
010730142093010,3
011170302211025,2
011170303042049,2
011170303523029,0
010730142083000,1
011170303462058,2
011170302201004,2
011170302202040,2
011170303523030,0
011170302211013,2
011170303524011,0
011170303462045,2
011170303151001,0
011170303512015,1
011170303502016,1
011170303511007,1
011170303522039,0
010730129181003,6
010730144083019,6
011170303151005,0
011170303142022,0
011170303512036,1
011170303044006,0
011170303502014,1
010730143032021,3
010730144143024,5
010730142082008,1
010730143034016,3
010730142084001,1
010730129081003,5
010730129072012,0
011170303042020,0
010730144051004,4
011170303041010,0
011170303044042,0
011170303041036,0
011170303472010,2
011170303473015,2
011170303501007,1
010730144061046,4
010730129072013,0
010730129133004,6
010730144091021,5
010730143034001,3
010730129071007,0
011170303044025,0
011170302201000,2
011170303471025,2
011170303522023,0
011170302211008,2
010730144143013,5
010730144102006,6
010730144082012,6
010730144082010,6
010730144141001,5
010730129071012,0
010730143034023,3
010730143034019,3
010730144092025,5
010730144103006,1
010730144143027,5
011170303471022,2
011170302201012,2
010730142084019,1
011170303523008,0
011170302204005,2
011170303462030,2
011170303523023,0
011170303044022,0
011170303502051,1
011170302203004,2
011170303461002,2
011170302163000,2
010730129081010,5
010730129074001,0
011170303141000,0
010730143032023,3
010730144091011,5
010730144083004,6
010730143034069,3
010730144092026,5
010730129132001,6
010730144092011,5
010730129101071,2
010730144041066,4
010730144092023,5
010730144143017,5
010730144091023,5
010730144121010,4
011170303051004,0
010730144061005,4
011170303044037,2
011170303462042,2
011170303041034,0
011170303523062,0
011170303523046,0
010730144082019,6
010730144122018,4
010730144053028,4
010730144063015,4
010730144151010,4
010730144143023,5
010730144122052,4
010730144151035,3
010730144122021,4
010730143034075,3
010730144092005,5
010730143041016,3
010730129084015,5
010730144121014,4
011170303512049,1
011170303473036,2
010730143034025,3
010730144091004,5
010730142082000,1
010730144143022,5
010730129082000,5
010730129131000,6
010730129073011,5
010730144091028,5
010730144091019,5
010730144061016,4
010730144122038,4
010730144122017,4
011170303473041,2
011170302202002,2
010730144151005,4
011170303473017,2
010730144142007,1
011170303044019,0
011170302201002,2
011170303523007,0
011170303041009,0
011170303473046,2
011170303512023,1
011170303141005,0
011170303303000,2
011170303473047,2
010730143041014,3
010730144091026,5
010730144041054,4
010730144062021,4
010730129084018,5
011170303462015,2
011170303042019,0
010730144083002,6
010730143032015,3
010730142084000,1
010730144064014,4
010730129071024,0
010730144041065,4
010730144152003,3
010730144122031,4
010730144103032,1
010730129084028,5
010730144122054,4
010730144064012,4
011170303051007,0
011170303473051,2
011170303512047,1
011170303462029,0
011170303462010,2
011170303523015,0
011170303042044,0
011170303041025,0
011170303041001,0
011170302123002,2
011170303053001,2
011170303051005,0
011170303142017,0
010730144041045,4
010730144062025,5
010730144151039,3
010730143032012,3
011170302201016,2
010730144152002,3
010730142093007,3
010730144122003,4
010730144082009,6
010730129082007,5
010730129084020,5
010730129071001,0
011170303512006,1
011170302161001,2
010730144092004,5
010730144092018,5
010730144082014,6
010730144122027,4
011179801001011,2
011170303042029,2
011170303462053,2
010730143034078,3
011170302163003,2
010730129081005,5
011170303522021,0
011170303524012,0
011170303472006,2
011170303302008,2
011170303473052,2
011170303043028,0
010730144063003,4
010730142093034,3
010730143032005,3
010730144063020,4
010730144091044,5
011170303512024,1
010730144143040,5
010730142084053,1
010730129073042,5
010730144152012,3
010730129131005,6
010730142093006,3
010730144053017,4
010730144103026,1
010730144092006,5
010730144152007,3
010730144082007,6
010730142093036,3
010730144083005,6
010730144121011,4
010730142084020,1
011170303522001,0
011170302163013,2
011170303462021,2
010730144061033,4
011170303522018,0
011170302202036,2
011170303522045,0
010730129172003,5
010730144091014,5
010730144053020,4
010730144083013,6
011170303043016,0
010730142052002,1
010730144083003,6
010730129073040,5
010730129074005,0
010730144122015,4
010730143041005,3
010730144091055,5
010730144091001,5
010730142093017,3
010730144102005,6
010730129133006,0
010730144052020,4
010730129181006,6
011170303041011,0
011170303471018,2
011170303511020,1
010730144151034,3
011170303142024,0
011170303461028,2
011170303462056,2
011170303142010,6
011170303142044,0
010730144142011,1
010730144061011,4
010730144143010,5
010730142082006,1
011170303142014,0
010730144082020,6
010730144103005,1
011170303502064,1
011170303523056,0
010730142052004,1
010730144142010,1
010730129084025,5
010730129181011,6
010730144053001,4
010730143034039,3
010730144052002,4
010730144092010,5
011170303512022,1
011170303473034,2
011170303473018,2
010730144101008,0
010730143034047,3
010730129081012,5
010730144151023,4
010730129073030,5
010730142082002,1
010730144121007,4
010730129181010,6
011170303303004,2
011170303302009,2
011170303523059,0
011170303461032,2
011170303042027,0
011170303303016,2
011170303512007,1
011170303512016,1
011170303142038,0
010730144103008,1
010730129073010,5
010730129073003,5
010730142093018,3
011170303501021,1
010730144152001,3
010730144052029,4
010730129172000,5
010730129071010,0
010730144062009,4
010730129084014,5
010730144122016,4
011170303043013,0
010730144064017,5
010730144103021,1
010730144091038,5
010730144122046,4
010730129072024,0
011170303462002,2
011170303461007,2
011170303471021,2
010730144102004,6
011170302161007,2
011170303523035,0
011170303473032,2
011170303512030,1
010730144082001,6
010730144122042,4
010730143043024,3
010730129182005,6
010730144143039,5
011170302202023,2
011170302203000,2
010730129132002,6
010730144061022,4
010730129131006,6
010730144101017,6
010730144061032,4
011170302161011,2
010730143033008,3
010730144081019,6
010730144081012,6
011170303473005,2
011170302161009,2
011170303483041,2
011170303364028,1
011170303142026,0
011170303462007,2
010730144103007,1
010730144062022,5
010730144091052,5
010730144092020,5
010730143034009,3
010730142093027,3
010730144102019,6
011170303472001,2
011170303523014,0
010730129072015,0
010730142051007,1
010730144062015,4
010730144081008,6
011170302161000,2
010730144091032,5
010730129071009,0
010730144122056,4
011170302201005,2
011170303523021,0
011170303042052,0
011170303511018,1
011170303042017,0
011170302123000,2
011170303473028,2
011170303482003,2
011170303523037,0
011170303522012,0
010730144062026,5
010730144122020,4
010730144102001,6
010730144122035,4
010730144143042,5
011170302202012,2
010730144083020,6
011170303044035,2
011170302161016,2
011170303501028,1
010730142093004,3
010730143034046,3
010730144122026,4
011170303461030,0
010730144143018,5
010730144091018,5
010730144122033,4
011170302111044,2
011170303473042,2
011170303473040,2
010730144091003,5
011170303512037,1
010730144151016,4
010730129084010,5
011170303041031,0
011170303501040,1
010730144121006,4
010730144122051,4
010730144122041,4
010730129073005,5
011170302161004,2
011170303483024,2
010730143034067,3
010730129073031,5
010730142081004,1
010730144063006,4
010730144063012,4
010730144083006,6
010730144063018,4
010730142093002,3
010730142083016,1
010730144062013,4
010730144062014,4
010730142082001,1
011170303042003,0
011170303511000,1
011170303523004,1
011170303502043,1
011170302123003,2
011170302123018,2
011170303511016,1
011170303462061,2
011170303501029,1
011170303522013,0
011170303042028,2
010730129073033,5
010730144121015,4
010730144151041,3
010730144122013,4
010730144053002,4
011170302202026,2
010730144141011,5
010730142052005,1
010730129102020,0
010730143033017,3
010730144063010,4
010730144102008,6
010730144052007,4
010730144083024,0
010730144092021,5
011170303142012,0
010730129181009,6
010730129084023,5
010730144092028,4
010730129073015,5
011170303044004,0
011170302204011,2
010730143033001,3
010730144082017,6
010730129072005,0
011170303041040,0
011170303042040,0
011170302123020,2
011170303512046,1
011170303483019,2
010730142084002,1
010730143032004,3
011170303041017,0
011170302203014,2
011170303523036,0
011170303462008,2
010730144143004,4
010730129182007,6
010730144082004,6
010730129073012,5
010730144051011,4
010730144141008,1
010730144053021,4
010730143041004,3
010730144053004,4
010730144091022,5
011170302123024,2
011170302202041,2
010730144143032,5
010730144121001,4
010730144091047,5
010730129081009,5
010730144103018,1
011170303461025,2
011170302201007,2
011170303523022,0
011170303462024,2
011170303043003,0
011170303511014,1
011170302162004,2
011170303473004,2
011170303043024,0
010730144122009,4
010730144101006,1
010730143032025,3
011170303044016,0
011170303483038,2
010730129192001,6
010730129133001,6
010730144101009,0
010730144063023,4
010730144062024,5
010730144062017,4
010730144062016,4
010730144151026,4
010730143033000,3
010730144103014,1
010730144064009,4
010730144143033,5
011170303472003,2
010730142052030,1
010730129083001,5
011170303473007,2
010730129082009,5
011170303142020,0
011170303523020,0
011170303142042,0
011170303042048,0
011170303044000,0
011170303462028,2
011170303501022,1
010730129182004,6
011170303462020,2
010730142083008,1
011170303502005,1
011170303473027,2
011170303522010,0
010730142083004,1
010730129084019,5
010730129084002,5
010730144053010,4
011170303142015,0
011170303364026,1
011170303483012,2
011170302211027,2
010730129172012,5
010730143034004,3
010730129084003,5
010730144061029,4
011170303472013,2
010730144081010,6
010730129131003,6
011170302201009,2
011170303142013,0
011170303511004,1
011170303462044,2
011170302202035,2
011170303042046,0
011170303501005,1
011170303512021,1
011170303522005,0
011170303044014,0
010730142084021,1
010730143034053,3
010730144041048,4
010730129191003,6
011170302211004,2
010730143032002,3
010730143032008,3
010730144143030,5
010730144091049,5
010730129181001,6
010730143041008,3
010730144103031,1
010730144064019,4
010730144092029,5
010730142093000,3
010730129071025,0
010730144082015,6
010730129071020,0
011170303522029,0
011170303461033,2
011170303462037,2
010730144051006,4
011170303041022,0
011170303472009,2
011170303462014,2
011170303472018,2
011170303483039,2
010730129074004,0
010730144063021,4
010730129071021,0
010730143043012,3
010730144151040,3
010730144092008,5
010730144053006,4
010730144053026,4
010730144083001,6
011170303502054,1
011170303042039,0
011170303511003,1
011170303151003,0
011170303142004,0
010730144082018,6
010730144052022,4
010730144061025,4
010730144091025,5
010730129172008,5
010730144063005,4
010730144142006,1
010730144141002,5
010730144053014,4
010730144081016,0
010730129083012,5
011170303044010,0
010730144063008,4
011170303522008,0
011170303141003,0
011170303462050,2
011170302123026,2
011170302201011,2
011170303522017,0
011170303522014,0
011170303523012,1
011170303044013,0
011170303312005,2
011170303483026,2
011170303462017,2
011170303502053,1
011170303512034,1
011170303502069,1
011170303461006,2
011170303043010,0
010730144102011,6
010730142084007,1
010730144151032,3
010730144091029,5
010730144103011,1
010730143041002,3
011170303044012,0
011170302201003,2
011170302201010,2
010730144152008,3
010730129181004,6
010730144141005,1
010730129192002,6
010730144152000,3
010730144103033,1
010730144083009,0
010730144053018,4
011170303512025,1
010730144062019,4
010730144041047,4
010730144152021,3
011170303043025,0
011170303473013,2
011170303303011,2
010730143033015,3
011170303461016,2
011170303462023,2
011170303511012,1
011170303501019,1
011170303511024,1
011170302161014,2
011170302161012,2
011170303524013,0
011170303042043,0
011170303142011,6
011170303043021,0
010730144091016,5
010730144063014,4
010730144122002,4
010730129081001,5
011170303042059,0
011170303483016,2
011170303471024,2
011170303502008,1
010730129073001,5
010730129073022,5
010730144081011,6
010730144061026,4
010730129073017,5
010730144102007,6
011170303473035,2
010730144083021,6
010730144041063,4
011170303042011,0
010730144151042,3
010730144122010,4
010730144141003,5
011170303302019,2
011170302203013,2
010730129081011,5
011170303523039,0
011170302161010,2
011170303523006,0
011170303521000,1
011170303462012,2
011170303512020,1
011170303483004,2
011170302202038,2
011170303042045,0
011170303303014,2
010730144101000,1
010730142084022,1
010730144122034,4
010730144142017,3
010730144041053,4
010730144092000,5
010730129172001,5
010730144151033,3
010730142052029,1
011170302202018,2
010730129182003,6
011170303461021,2
011170303043026,0
011170303053000,2
010730144101005,0
010730144151029,3
010730129171038,5
010730144122032,4
010730129072004,0
010730144101014,0
011170303142003,0
011170303303029,2
010730129073021,5
010730144061007,4
010730144101001,1
011170303041033,0
011170302202043,2
011170303483023,2
011170303462009,2
011170303524006,0
011170303483020,2
011170303051000,0
011170303462026,0
011170303042021,0
011170302202006,2
011170303142034,0
011170303523061,0
011170303142028,0
010730129072002,0
010730144102016,1
010730142081008,1
010730144052000,4
010730144121013,4
010730143033007,3
010730144101010,0
010730144064018,5
011170302202021,2
011170302202042,2
010730144082003,6
010730142084055,1
010730142083002,1
010730144143029,5
011170303044018,0
010730142093012,3
010730144152020,3
010730129071019,0
010730129083006,5
010730142082014,1
010730144083014,0
010730144122029,4
011170303512004,1
010730129073027,5
010730144122023,4
011170303462049,2
011170303042051,0
011170303461018,2
011170303522015,0
011170303483021,2
011170303044009,0
011170303041037,0
011170303044031,2
011170303502067,1
011170303501024,1
011170303512028,1
011170303142006,0
011170303462022,2
011170303523058,0
011170303044007,0
010730144122028,4
010730144122050,4
010730144121000,4
010730144051000,4
010730144062000,4
010730143032006,3
010730143034037,3
010730143034035,3
011170303501016,1
010730143032001,3
010730144122045,4
010730129084024,5
010730129171033,5
010730129071005,0
010730144091039,5
010730129133003,6
010730144091059,5
010730143043023,3
010730144061047,4
010730144061027,4
011170303303026,2
011170303303015,2
011170303042005,0
011170303461003,2
011170303472007,2
011170303473038,2
011170303051002,0
011170303483005,2
011170302202033,2
011170303473022,2
011170303502045,1
011170303473012,2
010730144152016,3
010730144122058,4
010730144121003,4
010730144122039,4
010730144122019,4
010730143034000,3
011170303043006,0
011170303041032,0
011170303461031,0
011170302203011,2
011170303462001,2
010730144142008,1
010730144052018,4
010730144081018,0
010730144062005,4
010730142091000,3
010730143034012,3
010730129082011,5
011170303312014,2
011170302202034,2
010730144061048,4
010730144063017,4
010730144053025,4
010730129083003,5
010730144053013,4
010730144061049,4
010730144121005,4
010730144143014,5
011170303312000,2
010730144151014,3
011170303044017,0
011170302123022,2
011170302162005,2
011170303461001,2
011170303462027,2
011170303502049,1
011170303473031,2
011170303312003,2
010730144101015,0
010730144051010,4
010730142083001,3
010730129073035,5
011170302204014,2
010730144083015,0
010730144061009,4
010730144083007,0
010730129082006,5
010730143034030,3
010730144053030,4
010730129073024,5
010730144061018,4
011170303462018,2
010730143034074,3
011170303461014,2
011170303473001,2
011170303303001,2
011170303511015,1
011170303502063,1
011170303502048,1
011170303501025,1
011170303524005,0
010730144063004,4
010730144143006,4
010730144122022,4
010730144151013,4
011170303044045,2
011170303522027,0
011170303043005,0
010730129131008,6
010730144143019,5
010730144041049,4
010730129083000,5
010730129082004,5
010730144141013,5
011170303473044,2
010730144052004,4
010730129084009,5
010730129191000,6
010730144092013,5
011170302202014,2
010730129072008,0
011170303512002,1
010730142093040,3
010730144091010,5
010730129131001,6
011170303462040,2
011170302211023,2
011170303524007,0
010730129072011,0
010730144051007,4
010730144041067,4
010730142093038,3
011170302202022,2
011170303523025,0
010730129072009,0
010730129181005,6
010730129131002,6
010730143034034,3
010730142084006,1
010730144103002,1
010730144151012,4
010730143034005,3
011170302204004,2
010730144142014,3
010730143032013,3
010730143034042,3
011170303043018,0
011170303041014,0
011170303472015,2
011170303482002,2
011170303041012,0
011170303473021,2
011170303523034,0
011170303524010,0
011170303483017,2
011170303522020,0
011170303302001,2
011170303041016,0
010730144091056,5
010730142093039,3
011170303042054,0
011170303303021,2
011170303483015,2
011170303502009,1
010730142083006,1
010730129101070,2
010730144092024,5
010730144091046,5
010730144102020,6
010730129073013,5
011170303043002,0
011170302213000,2
011170302202024,2
011170302163004,2
011170303523013,1
011170303462041,2
011170303151000,0
011170303043007,0
011170303502116,1
011170303521010,1
011170303523055,0
010730144091015,5
011170303044039,2
011170303041041,0
011170302111020,2
010730144081017,0
010730143041012,3
010730144151043,4
010730144091009,5
010730144103023,1
010730129071027,0
010730144064007,5
011170303523064,1
011170303483022,2
011170303483001,2
011170303043009,0
010730129082002,5
010730144122040,4
010730142052006,1
010730144061004,4
011170303462033,0
011170303481038,0
011170303042023,2
010730129082001,5
011170303523042,0
011170303041024,0
011170303151002,0
011170303043015,0
011170303044030,2
011170303312006,2
011170303302012,2
011170303142008,0
011170303502000,1
011170303524014,0
011170303502114,1
010730142084051,1
010730144082016,6
010730144053007,4
010730144143001,4
010730144143031,5
010730129073025,5
010730144151038,3
010730144041051,4
011170302202010,2
010730143033010,3
010730143033011,3
010730143032003,3
010730144143043,5
010730144143038,5
010730144083011,0
010730144103013,1
010730144061008,4
010730144061020,4
010730144061038,4
010730129171035,5
010730144142002,1
010730129081000,5
010730142093008,3
010730144081006,6
010730144122012,4
010730129084013,5
010730144152013,3
010730144082021,6
010730144053009,4
011170303512018,1
011170303142041,0
011170303053024,0
011170303041003,0
011170303502117,1
010730144103004,1
010730144101002,6
010730144091035,5
010730144063013,4
011170303142001,0
010730144141014,5
011170303462047,2
011179801001000,2
011170303472017,2
010730143034010,3
010730143032016,3
010730129171011,5
010730143033004,3
010730144141012,5
010730144091002,5
010730144061034,4
011170302213001,2
010730144091027,5
010730129172009,5
010730129181002,6
010730129084005,5
010730142083003,1
010730144143020,4
010730144091013,5
010730144121009,4
010730144041052,4
011170303462048,2
011170303473053,2
011170302203012,2
011170303142040,0
011170303522024,0
011170303142039,0
010730144122008,4
010730129072022,0
011170302212007,2
011170303512011,1
