GEOID,DIST
121079502013131,3
121079506002038,3
121079502013266,3
121079509005016,4
121079510003000,1
121079507004029,4
121079503001158,5
121079503001142,5
121079505002016,3
121079509001013,4
121079509001014,4
121079507001105,4
121079514021050,2
121079501003025,3
121079503003183,5
121079514012014,2
121079502012165,3
121079504002026,5
121079503001055,5
121079502022076,3
121079502012045,3
121079503001115,5
121079505004009,5
121079503004015,5
121079505001034,3
121079507001016,4
121079501003000,1
121079507002048,4
121079508002056,4
121079514011029,2
121079512003002,1
121079512003004,1
121079512003044,2
121079514021030,2
121079512003057,2
121079507002060,4
121079502021013,3
121079508004054,1
121079514013037,2
121079514023027,2
121079503001010,5
121079514023024,2
121079502011045,5
121079504001009,5
121079502022078,3
121079513001090,2
121079505002012,3
121079512003011,1
121079503004032,5
121079514022034,2
121079502013146,3
121079508001013,4
121079502011015,5
121079512004012,1
121079505001081,3
121079508003034,4
121079512003072,2
121079506003057,4
121079502013274,3
121079508001037,4
121079503003202,5
121079504001010,5
121079503001033,5
121079513001077,2
121079514013052,2
121079514012006,2
121079513001065,2
121079513002015,2
121079501002006,1
121079513002104,2
121079511003020,1
121079506002007,4
121079511003002,1
121079503003120,5
121079503003002,5
121079509001025,4
121079514021073,2
121079502022075,3
121079505001073,3
121079514011022,2
121079513002111,2
121079512005032,2
121079513002022,2
121079513001047,2
121079503003030,5
121079503001144,5
121079505002004,3
121079505003012,5
121079514021060,2
121079512003024,1
121079514022013,2
121079503003050,5
121079503003200,5
121079502022135,3
121079502022047,3
121079505004104,5
121079507002068,4
121079502013223,3
121079503004025,5
121079512005019,2
121079503003164,5
121079502014051,5
121079505003054,5
121079506001007,3
121079506003068,3
121079502014038,5
121079514022020,2
121079502013068,3
121079503002017,5
121079503003110,5
121079504001020,5
121079502013178,3
121079502013189,5
121079502011075,3
121079507002084,4
121079507003003,4
121079512004052,1
121079505004029,5
121079505002082,5
121079511001018,1
121079514013074,2
121079505003018,5
121079501002003,1
121079507002036,4
121079502013206,5
121079512005003,2
121079505002102,3
121079514023030,2
121079504002014,5
121079512004027,1
121079511002012,1
121079509003011,4
121079510001035,1
121079505001071,2
121079512002017,2
121079505002025,3
121079506001014,3
121079505001049,3
121079510001042,1
121079502022013,3
121079511002021,1
121079502013021,3
121079514021042,2
121079514013031,2
121079511002005,1
121079512004077,1
121079505004035,5
121079505001018,3
121079513002123,2
121079511003034,1
121079502013205,5
121079508004041,4
121079502013104,3
121079503003136,5
121079503003127,5
121079503002063,5
121079502011004,3
121079505003030,5
121079513002143,2
121079503001190,5
121079502011013,5
121079502011073,3
121079505002019,3
121079513001006,2
121079502013230,3
121079512004020,1
121079510003024,1
121079502013043,3
121079502013016,3
121079502013056,3
121079502013209,3
121079507003008,4
121079508002059,4
121079514023029,2
121079512004050,1
121079506002016,3
121079503002058,5
121079505002048,3
121079502022070,3
121079508002060,4
121079502013243,3
121079508004028,4
121079507003025,4
121079512005014,2
121079506003042,4
121079514021055,2
121079514021063,2
121079503003044,5
121079503003027,5
121079508003037,1
121079502022061,3
121079503003113,5
121079503003151,5
121079514021011,2
121079511001000,1
121079503001071,5
121079502014080,5
121079511003028,1
121079509001017,1
121079513002057,2
121079507004031,4
121079514011007,2
121079505001083,3
121079513001035,2
121079503001191,5
121079511003031,1
121079512003042,2
121079503002016,5
121079511002043,1
121079503002065,5
121079502013090,3
121079512003063,2
121079502013196,5
121079502013246,3
121079505003026,5
121079512001011,1
121079502022109,3
121079502011038,5
121079514013054,2
121079502013123,3
121079501003019,3
121079503003022,5
121079505003048,5
121079513001007,2
121079514011043,2
121079502013142,3
121079502013138,3
121079502013239,3
121079505004081,5
121079514013017,2
121079506003058,4
121079512003003,1
121079507002016,4
121079504001003,5
121079503004016,5
121079514013049,2
121079505003017,3
121079501002038,1
121079503003006,5
121079502013175,3
121079510003023,1
121079505004117,5
121079511004005,1
121079502012157,5
121079503004010,5
121079503001235,5
121079506002021,3
121079507001084,4
121079501003021,3
121079503003061,5
121079513002152,2
121079503001234,5
121079503001131,5
121079514021095,2
121079505003015,5
121079511004004,1
121079503001183,5
121079507003001,4
121079501001015,1
121079512001031,2
121079502021002,3
121079514021048,2
121079502011010,3
121079513002031,2
121079507002028,4
121079502011077,3
121079506003064,4
121079502021003,3
121079502011006,3
121079503001211,5
121079505002080,5
121079501001026,1
121079501003029,3
121079502013047,3
121079501003049,1
121079507003000,4
121079507001078,4
121079507002043,4
121079505004041,5
121079512003056,2
121079505001010,3
121079503002032,5
121079503003132,5
121079501003010,3
121079502012106,3
121079502014014,5
121079502012102,3
121079512004056,1
121079505001003,3
121079508004007,4
121079503003071,5
121079505002011,3
121079513002028,2
121079503001075,5
121079503004061,5
121079503001087,5
121079510003008,1
121079503003129,5
121079513002149,2
121079502012005,3
121079509001010,4
121079501003001,1
121079513002025,2
121079502022040,3
121079501003054,1
121079503001239,5
121079511004001,1
121079512001054,2
121079514012007,2
121079503001100,5
121079505001036,3
121079512004068,1
121079512004065,1
121079505001047,3
121079507002030,4
121079505004046,5
121079503001218,5
121079509001037,1
121079502011016,5
121079502013216,5
121079502012049,3
121079502013164,3
121079505004096,5
121079505002020,3
121079513002122,2
121079502011005,3
121079514021015,2
121079503004033,5
121079506001016,2
121079502013105,3
121079508001038,4
121079508001021,4
121079504002002,5
121079505002084,5
121079513002035,2
121079507001068,4
121079509005000,1
121079514013045,2
121079507001089,4
121079506001006,3
121079503002007,5
121079507001080,4
121079501003048,1
121079503001148,5
121079514023000,2
121079513001088,2
121079509006011,4
121079502022001,3
121079502021008,3
121079506002012,4
121079513002154,2
121079513002112,2
121079502014067,3
121079513002012,2
121079503001121,5
121079512002023,2
121079503001124,5
121079513002004,2
121079503003001,5
121079504002031,5
121079505003016,3
121079512005026,2
121079501002013,1
121079501001041,1
121079504002007,5
121079507001049,4
121079504001005,5
121079505004099,5
121079503001193,5
121079502011022,5
121079503002062,5
121079503001023,5
121079502013261,3
121079506002025,3
121079509001009,4
121079511004010,1
121079502011029,5
121079514011021,2
121079502022117,3
121079507002027,4
121079502012138,3
121079507004030,4
121079512003064,2
121079512003074,2
121079511003011,1
121079507001030,4
121079503002035,5
121079502013188,5
121079508001023,4
121079506002018,3
121079513001068,2
121079514022004,2
121079506003018,4
121079507002002,4
121079512004081,1
121079514013032,2
121079511004020,1
121079507002026,4
121079512003012,1
121079512004053,1
121079502013128,3
121079506003052,4
121079505001068,2
121079505002099,3
121079503001200,5
121079503001207,5
121079502012156,5
121079505002069,3
121079505002047,3
121079505002022,3
121079505002018,3
121079503001011,5
121079507004032,4
121079513002155,2
121079511003014,1
121079503002027,5
121079507004036,4
121079513001067,2
121079509002002,4
121079505004090,5
121079502012142,3
121079502012050,3
121079514011027,2
121079502012013,3
121079502012139,3
121079503003018,5
121079505001037,3
121079505004105,5
121079513001073,2
121079514011062,2
121079502022090,3
121079502013284,5
121079502014059,5
121079507002051,4
121079514022019,2
121079505004000,5
121079512001013,2
121079502013007,3
121079506003086,4
121079507002037,4
121079503001232,5
121079513002117,2
121079513002078,2
121079502013170,3
121079503001030,5
121079502013221,3
121079503002006,5
121079502014077,3
121079509001000,1
121079503004007,5
121079512005027,2
121079512001049,2
121079512003075,2
121079502013063,3
121079513001029,2
121079514013034,2
121079508002010,4
121079508004029,4
121079512004089,1
121079512004031,1
121079509002003,4
121079502014055,5
121079505004089,5
121079514021001,2
121079510003004,1
121079507001076,4
121079505004069,5
121079503003108,5
121079502022004,3
121079509006020,4
121079509002001,4
121079507001003,1
121079511001007,1
121079510002019,1
121079506002039,3
121079514023001,2
121079506003079,3
121079507004002,4
121079506003083,3
121079503003091,5
121079503003095,5
121079503003054,5
121079502021022,3
121079506002026,3
121079512002031,2
121079511003037,1
121079513002030,2
121079502014026,5
121079505004068,5
121079513001017,2
121079512004061,1
121079503004034,5
121079507003010,4
121079514011025,2
121079505004007,5
121079505003005,5
121079514023003,2
121079512005002,2
121079512005008,2
121079502013270,3
121079511003029,1
121079510003049,1
121079502012032,3
121079502013171,3
121079513002163,2
121079512003021,1
121079507002073,4
121079502021020,3
121079508004030,4
121079506002019,3
121079501002008,1
121079505002003,3
121079502013004,3
121079502013072,3
121079510001013,1
121079508001004,4
121079507001081,4
121079505002075,5
121079514011047,2
121079503004029,5
121079505001031,3
121079509004004,4
121079506001011,3
121079502013278,3
121079503002000,3
121079512001047,2
121079503003142,5
121079509006024,4
121079504001029,5
121079513002014,2
121079509004014,4
121079503003068,5
121079503001160,5
121079503001203,5
121079508002043,4
121079502012146,5
121079513002120,2
121079507002007,4
121079507001064,4
121079511002042,1
121079503003148,5
121079502011067,5
121079502012006,3
121079503001084,5
121079503001113,5
121079513002064,2
121079506003089,3
121079514011032,2
121079501002025,1
121079502022025,3
121079508001009,4
121079513001021,2
121079514013056,2
121079502013013,3
121079505004043,5
121079505004058,5
121079504001031,5
121079508003000,1
121079508004032,4
121079509006000,4
121079514022011,2
121079503002033,5
121079502013180,5
121079502013256,3
121079505003025,5
121079507003019,4
121079507002005,4
121079514021056,2
121079510001007,1
121079512003079,2
121079512004079,1
121079502013093,3
121079508002042,4
121079512003049,2
121079502013129,3
121079508001005,4
121079507002009,4
121079505004110,5
121079514013079,2
121079512004055,1
121079503002057,5
121079506003082,3
121079512003020,1
121079507001097,4
121079503003070,5
121079512001036,1
121079502012061,3
121079505003053,5
121079501001039,1
121079507002011,4
121079502011043,5
121079505002049,3
121079503002031,5
121079509002024,4
121079503001198,5
121079510001017,1
121079513002019,2
121079502013140,3
121079509006004,4
121079503001101,5
121079502022074,3
121079514023042,2
121079513002151,2
121079503001078,5
121079503001135,5
121079513002159,2
121079501001007,1
121079505003029,5
121079514023022,2
121079502022092,3
121079502014040,5
121079502021011,3
121079503003179,5
121079503001213,5
121079514022037,2
121079510003046,1
121079505004016,5
121079502021027,3
121079504002018,5
121079512003065,2
121079502014009,5
121079502014012,5
121079503003159,5
121079513002136,2
121079503001015,5
121079513001056,2
121079506003026,3
121079506002031,3
121079512005020,2
121079514013009,2
121079510002023,1
121079503001139,5
121079514011066,2
121079512004038,1
121079512001050,2
121079502013119,3
121079502013116,3
121079502013181,5
121079503003088,5
121079501003046,3
121079502022132,3
121079509005014,3
121079502013218,5
121079514013043,2
121079512003028,1
121079503001083,5
121079514013069,2
121079503003058,5
121079513002160,2
121079513001038,2
121079513002095,2
121079502011042,5
121079507001066,4
121079502012163,3
121079511003001,1
121079502022050,3
121079502022033,3
121079503003176,5
121079502011040,3
121079503004028,5
121079513001079,2
121079511004025,1
121079503001050,5
121079502012130,3
121079502012090,3
121079502012081,5
121079513002130,2
121079507001039,4
121079502014018,3
121079507001014,1
121079501002005,1
121079501003027,1
121079513002085,2
121079514023036,2
121079502022091,3
121079505002008,3
121079503001118,5
121079510003047,1
121079502021000,3
121079501001023,1
121079503002060,5
121079507003011,4
121079502013003,3
121079505001002,3
121079502012052,3
121079502012036,3
121079502013156,3
121079502013271,5
121079513002124,2
121079502022011,3
121079506003069,3
121079513002062,2
121079502012132,3
121079508001028,4
121079501001027,1
121079502011074,3
121079512004018,1
121079502013186,5
121079507003006,4
121079501003057,3
121079502014058,5
121079509002025,4
121079514013061,2
121079514011028,2
121079506003005,4
121079502022103,3
121079505002068,3
121079505002056,3
121079514011063,2
121079512002003,2
121079504002013,5
121079509001039,1
121079509003017,4
121079502011068,5
121079512001053,2
121079512003080,2
121079506003041,4
121079503003069,5
121079505002023,3
121079504002001,5
121079505001070,2
121079505002093,5
121079502013039,3
121079504002025,5
121079503001070,5
121079505002033,3
121079507002056,4
121079504001002,5
121079503001222,5
121079506002030,3
121079512002014,2
121079512005031,2
121079513001053,2
121079505003002,5
121079510001048,1
121079505004014,5
121079508004008,4
121079514013018,2
121079514013001,2
121079503001037,5
121079503002015,5
121079503003153,5
121079513001072,2
121079505002072,5
121079503004049,5
121079502013168,3
121079502013158,3
121079508004024,4
121079514023015,2
121079503003072,5
121079502013193,5
121079512003069,2
121079514022010,2
121079502013132,3
121079502022123,3
121079512004075,1
121079514012005,2
121079506002010,4
121079512001041,2
121079509005011,4
121079502022063,3
121079508004036,4
121079502012092,3
121079502013287,5
121079510003020,1
121079503001145,5
121079502022057,3
121079513001004,2
121079507002012,4
121079505001078,3
121079513001064,2
121079514022036,2
121079502021031,3
121079509001033,4
121079506003043,4
121079502022056,3
121079503001195,5
121079507004011,4
121079502022077,3
121079510002004,1
121079502012014,3
121079502014028,5
121079502014020,3
121079502012108,3
121079503004014,5
121079501003044,1
121079502022104,3
121079503004005,3
121079514022015,2
121079503003007,5
121079507001036,4
121079505004059,5
121079508002047,4
121079507004045,4
121079502013167,3
121079501003055,1
121079513002138,2
121079502013115,3
121079514021049,2
121079502013160,3
121079502011079,3
121079503004052,5
121079504001011,5
121079502011032,5
121079502013252,3
121079513002110,2
121079503003065,5
121079512001025,2
121079502012162,3
121079503001197,5
121079514022030,2
121079509003023,4
121079509006007,4
121079506003067,3
121079512003067,2
121079502013041,3
121079502013008,3
121079514013058,2
121079507001056,4
121079507001063,4
121079506002005,3
121079509004015,4
121079509005012,4
121079503002050,5
121079502012100,3
121079503003009,5
121079509006008,4
121079502013281,3
121079505001066,3
121079503003017,5
121079503003133,5
121079502014010,5
121079507001023,1
121079503001205,5
121079505002087,3
121079503003045,5
121079506002027,3
121079511004008,1
121079510002011,1
121079501003011,3
121079509005007,1
121079506002024,3
121079502013194,5
121079504002000,5
121079514011018,2
121079512002007,2
121079511001003,1
121079503002064,5
121079502014066,3
121079502014031,5
121079512002010,2
121079502022080,3
121079502011065,5
121079513002079,2
121079502022138,3
121079505002000,3
121079502012083,3
121079510003018,1
121079514021087,2
121079508002045,4
121079501003030,1
121079503001209,5
121079502013022,3
121079505004064,5
121079503002056,5
121079502022041,3
121079503001014,5
121079514011035,2
121079507003022,4
121079508001029,4
121079502012027,3
121079502012087,3
121079503001047,5
121079503003150,5
121079505001061,3
121079503001138,5
121079502012077,5
121079502013212,3
121079506003003,4
121079504001016,5
121079512005024,2
121079503001026,5
121079502022122,3
121079504001007,5
121079502013124,3
121079508002002,4
121079514013072,2
121079506001008,3
121079503004040,5
121079512003013,1
121079507001022,1
121079508001011,4
121079502013067,3
121079503003008,5
121079503001146,5
121079502011056,5
121079503001149,5
121079503003041,5
121079505002042,3
121079507004035,4
121079513002097,2
121079511003009,1
121079513002129,2
121079502011030,5
121079502012117,3
121079502014044,5
121079511001002,1
121079501003003,1
121079503003186,5
121079506003065,4
121079502012003,3
121079508004009,4
121079508001033,4
121079512003001,1
121079513002054,2
121079503001012,5
121079505004010,5
121079512004034,1
121079502013232,3
121079508002000,4
121079504001024,5
121079502013179,3
121079510003036,1
121079505001040,3
121079512003038,2
121079512003078,2
121079507004052,4
121079502021019,3
121079513002128,2
121079506002001,4
121079501002030,1
121079510002009,1
121079505004131,5
121079505004028,5
121079512004042,1
121079512001042,2
121079512004078,1
121079506001015,3
121079505001041,3
121079502022097,3
121079502013145,3
121079502022084,3
121079501002011,1
121079502012060,3
121079502021007,3
121079512004022,1
121079513001028,2
121079509004000,4
121079505004092,5
121079513001011,2
121079514021038,2
121079505004124,5
121079507001017,4
121079514021079,2
121079512001008,2
121079505001079,3
121079502022027,3
121079509001022,4
121079513001078,2
121079504002016,5
121079502022085,3
121079502012137,3
121079502012129,3
121079502012144,5
121079502014015,5
121079502012054,3
121079503001168,5
121079503001233,5
121079513002161,2
121079505002007,3
121079510001023,1
121079513002033,2
121079502022010,3
121079502013217,5
121079502013065,3
121079503003201,5
121079510002013,1
121079503001180,5
121079501003005,1
121079505004031,5
121079513002090,2
121079507004014,4
121079509001007,4
121079509002030,4
121079505003006,5
121079502014063,3
121079502013250,3
121079510003035,1
121079512001002,2
121079508003032,1
121079514021028,2
121079502013019,3
121079514013026,2
121079502011021,5
121079503001196,5
121079505002002,3
121079514022023,2
121079512002027,2
121079514013042,2
121079502013037,3
121079502013244,3
121079502013254,3
121079501003052,1
121079507004006,4
121079508002053,4
121079514022003,2
121079508002040,4
121079501001037,1
121079511004012,1
121079514013071,2
121079514011036,2
121079513002021,2
121079503004035,5
121079505002038,3
121079502012103,3
121079502012113,3
121079514021010,2
121079512001057,2
121079505004071,5
121079512005007,2
121079505003046,5
121079514013038,2
121079505002026,3
121079505001086,3
121079505002013,3
121079505002094,5
121079503003161,5
121079512004088,1
121079502022058,3
121079503003138,5
121079510001025,1
121079513001040,2
121079502014070,3
121079507004021,4
121079503001153,5
121079506003084,4
121079512002034,2
121079510001006,1
121079502012031,3
121079511001021,1
121079503003074,5
121079502022017,3
121079510002024,1
121079503002029,5
121079505003036,5
121079512004083,1
121079505001009,3
121079513002032,2
121079502014007,5
121079506003032,4
121079513002126,2
121079514022042,2
121079502013023,3
121079502013120,3
121079506003056,4
121079508001019,4
121079502012122,3
121079501002029,1
121079512002019,2
121079507001006,1
121079503002028,5
121079502012093,3
121079513001002,2
121079502022000,3
121079504001025,5
121079503001088,5
121079507001096,4
121079502012069,3
121079502013077,3
121079505002031,3
121079510003007,1
121079505004103,5
121079503003048,5
121079509002020,4
121079512001064,2
121079501002000,1
121079503003064,5
121079512004005,1
121079503003173,5
121079513001082,2
121079501001019,1
121079503001104,5
121079503001221,5
121079503001086,5
121079503001079,5
121079509006005,4
121079509001015,1
121079502012016,3
121079505002079,3
121079513001005,2
121079502022089,3
121079502013285,5
121079512003061,2
121079503003184,5
121079503003203,5
121079501001006,1
121079510002005,1
121079502013276,3
121079503003116,5
121079510002018,1
121079502022115,3
121079508004043,4
121079508003035,4
121079507002066,4
121079514023035,2
121079512001044,2
121079512003029,1
121079502013137,3
121079507001034,4
121079507002076,4
121079508001014,4
121079508002004,4
121079514011000,2
121079508002007,4
121079513002077,2
121079503001002,5
121079505003039,5
121079502014041,5
121079512002025,2
121079513002121,2
121079502021018,3
121079502012057,3
121079503003016,5
121079505002054,3
121079505002071,3
121079504002020,5
121079501003053,1
121079503002037,5
121079502022141,3
121079503003122,5
121079510002017,1
121079501003008,1
121079513002011,2
121079502013017,3
121079514012003,2
121079502014078,5
121079509002023,4
121079507002065,4
121079507002050,4
121079509001005,4
121079503001126,5
121079505004082,5
121079512004039,1
121079514011058,2
121079501002002,1
121079513002042,2
121079513002038,2
121079502022100,3
121079502022121,3
121079510003005,1
121079511002020,1
121079502013107,3
121079501003032,3
121079501001001,1
121079508004010,4
121079502014030,5
121079509004002,4
121079513002125,2
121079512001004,2
121079502011017,5
121079513002103,2
121079503004019,5
121079507003007,4
121079502014006,5
121079502013069,3
121079508001010,4
121079507002017,4
121079502013033,3
121079509006003,4
121079508002018,4
121079514023034,2
121079503004043,5
121079509004016,4
121079508004053,1
121079505002005,3
121079502022112,3
121079502022111,3
121079505001007,3
121079512003025,1
121079501001017,1
121079502013182,5
121079502013147,3
121079503003047,5
121079502012145,5
121079513002133,2
121079509001012,4
121079508004056,1
121079503001171,5
121079502012164,3
121079509002010,4
121079507001015,4
121079502012135,3
121079502012004,3
121079509006018,4
121079503001224,5
121079503001223,5
121079509003018,4
121079503003196,5
121079513002102,2
121079510002010,1
121079502022128,3
121079503001018,5
121079503003149,5
121079502022048,3
121079512001058,2
121079503001068,5
121079505001057,3
121079502013152,3
121079502022043,3
121079503001045,5
121079507004039,4
121079513002017,2
121079506003015,4
121079507002040,4
121079505004021,5
121079505001046,3
121079514011003,2
121079509006012,4
121079502013172,3
121079502013028,3
121079502013112,3
121079507001004,1
121079505001023,3
121079502022134,3
121079502022118,3
121079514013070,2
121079512004076,1
121079503003118,5
121079502012095,3
121079503001022,5
121079503001111,5
121079509006027,4
121079505002057,3
121079501001043,1
121079503001147,5
121079502012058,3
121079514021032,2
121079514012011,2
121079503003206,5
121079505001021,3
121079503004031,5
121079502012167,3
121079503003137,5
121079503003057,5
121079507001009,1
121079513001075,2
121079502014048,3
121079509006021,4
121079509004006,4
121079509001004,4
121079503004054,5
121079505001011,3
121079510001005,1
121079514011005,2
121079513002047,2
121079513001049,2
121079513001054,2
121079502012152,3
121079502013280,3
121079505001067,2
121079502022049,3
121079511002010,1
121079507004000,4
121079512003076,2
121079514021009,2
121079511003008,1
121079505001005,3
121079507002085,4
121079509006010,4
121079507002052,4
121079502012066,5
121079506003048,4
121079513002049,2
121079512003035,2
121079509005020,1
121079503002052,5
121079503003077,5
121079514022031,2
121079502013006,3
121079506003075,3
121079512001023,2
121079502013113,3
121079508003010,4
121079507001037,4
121079509006001,4
121079514021074,2
121079513001066,2
121079509005002,1
121079514013077,2
121079508002009,4
121079509005013,3
121079514013076,2
121079512001012,1
121079509004011,4
121079509004018,4
121079502022124,3
121079502022020,3
121079510003011,1
121079513002076,2
121079512001030,2
121079505001052,3
121079508004047,4
121079512005009,2
121079502014056,5
121079502012121,3
121079513001026,2
121079508002024,4
121079503003170,5
121079502011066,5
121079514023009,2
121079511002040,1
121079505001025,3
121079502022067,3
121079503001194,5
121079503003198,5
121079510002006,1
121079509001030,4
121079512002028,2
121079511003018,1
121079502012034,3
121079502012017,3
121079503003004,5
121079506003025,3
121079501001018,1
121079502022035,3
121079510001027,1
121079508002044,4
121079508004023,4
121079512005012,2
121079503003082,5
121079511002022,1
121079514022006,2
121079512003030,1
121079503001069,5
121079514013078,2
121079501003026,3
121079511002003,1
121079503001105,5
121079503001029,5
121079502021010,3
121079502013211,5
121079502013255,3
121079511004006,1
121079508003017,4
121079508004019,4
121079503004037,5
121079502013200,5
121079502013035,3
121079501001008,1
121079512003053,2
121079505001032,3
121079507001102,4
121079507002031,4
121079502022039,3
121079508004026,4
121079508001032,4
121079508002032,4
121079508002011,4
121079512001001,2
121079514013065,2
121079514013021,2
121079503002055,5
121079502012019,3
121079511002008,1
121079503001152,5
121079503001206,5
121079503003190,5
121079503002045,5
121079502013108,3
121079502013111,3
121079514021026,2
121079514011065,2
121079512003023,1
121079505002061,3
121079503001141,5
121079506001020,3
121079505002034,3
121079506003028,4
121079503003026,5
121079503003126,5
121079509003024,4
121079506003004,4
121079501002031,1
121079505003028,5
121079513002081,2
121079511002004,1
121079509003005,4
121079505001026,3
121079501003006,1
121079507001020,4
121079512005022,2
121079514022005,2
121079514023021,2
121079510003041,1
121079514021058,2
121079512003006,1
121079514022014,2
121079514022022,2
121079502013099,3
121079512004080,1
121079505004022,5
121079503002053,5
121079512004059,1
121079506003049,4
121079511001005,1
121079512004064,1
121079510001003,1
121079503001184,5
121079512003058,2
121079503004051,5
121079512003077,2
121079505004080,5
121079503003162,5
121079514021045,2
121079505004084,5
121079509004008,4
121079514013073,2
121079502022114,3
121079502011059,5
121079513001048,2
121079514022028,2
121079502013161,3
121079508004055,1
121079512004046,1
121079502013091,3
121079502013070,3
121079501002028,1
121079508002025,4
121079502011031,5
121079508002028,4
121079506003078,3
121079514011026,2
121079514012017,2
121079509004010,4
121079505003052,5
121079508001039,4
121079505001064,3
121079506003037,4
121079510001011,1
121079510001019,1
121079503004044,5
121079505001042,3
121079502014060,5
121079508002035,4
121079512004028,1
121079514013040,2
121079513001087,2
121079513002150,2
121079503001227,5
121079512004087,1
121079505002030,3
121079503003105,5
121079503003171,5
121079505001075,3
121079503003207,5
121079510001010,1
121079502012002,3
121079513002013,2
121079509006023,4
121079509002004,4
121079503001120,5
121079503001220,5
121079503001107,5
121079502012141,3
121079509003021,4
121079513002063,2
121079502022054,3
121079501003002,1
121079514022000,2
121079503001174,5
121079503001189,5
121079512003005,1
121079512003046,2
121079505004062,5
121079505003042,5
121079505004130,5
121079507004041,4
121079514013055,2
121079510003026,1
121079503001236,5
121079503003177,5
121079504001004,5
121079502013169,3
121079502013210,3
121079502013251,3
121079502011035,5
121079502013290,5
121079507001033,4
121079512001028,1
121079507003026,4
121079508003006,4
121079503001225,5
121079509006016,4
121079511001016,1
121079506003007,4
121079503003166,5
121079502013134,3
121079507003013,4
121079502013061,3
121079508004027,4
121079502022022,3
121079510002007,1
121079501003056,3
121079505003024,5
121079505002009,3
121079512001065,2
121079512004072,1
121079506001010,3
121079505003033,5
121079501003028,3
121079507001092,4
121079502012124,3
121079506003035,4
121079508002038,4
121079503002034,5
121079512005017,2
121079514021094,2
121079514011013,2
121079514021051,2
121079502013220,3
121079505001029,3
121079503001208,5
121079511003023,1
121079511002036,1
121079501002036,1
121079514011056,2
121079502013058,3
121079511003007,1
121079503001076,5
121079510001045,1
121079513002108,2
121079505003034,5
121079512005013,2
121079513001009,2
121079512002001,2
121079513001069,2
121079502022137,3
121079511002000,1
121079507001031,4
121079514021066,2
121079514021071,2
121079503003131,5
121079512004036,1
121079503004023,5
121079501001047,1
121079505004122,5
121079505004015,5
121079507001019,1
121079501003037,1
121079502011060,5
121079505004093,5
121079507002013,4
121079510001018,1
121079503001173,5
121079505004003,5
121079503004017,5
121079502013163,3
121079502014004,5
121079503001035,5
121079503001006,5
121079505004006,5
121079511004011,1
121079506002032,3
121079502012136,3
121079508004020,4
121079505004116,5
121079511003033,1
121079512003000,1
121079502013080,3
121079502022003,3
121079510001004,1
121079510001002,1
121079505002091,3
121079503004013,5
121079512004047,1
121079503003086,5
121079501001049,1
121079509005009,3
121079505003049,5
121079502013166,3
121079503003098,5
121079505004017,5
121079503001140,5
121079502013103,5
121079514021029,2
121079510001024,1
121079503001201,5
121079512004014,1
121079502013187,5
121079505004078,5
121079507001024,1
121079504002008,5
121079510001039,1
121079503002022,5
121079509003013,4
121079509004005,4
121079506003001,3
121079513001000,2
121079514011057,2
121079502021029,3
121079507002055,4
121079512002021,2
121079502012160,3
121079505004083,5
121079505004118,5
121079505004108,5
121079508001034,4
121079514021081,2
121079503003204,5
121079502013001,3
121079505004120,5
121079501003058,3
121079508001020,4
121079514013059,2
121079510002012,1
121079503001134,5
121079503003197,5
121079507002000,4
121079502021001,3
121079513001050,2
121079514021004,2
121079502011057,5
121079503001004,5
121079505003040,5
121079503002049,5
121079502012150,3
121079501002034,1
121079513001051,2
121079511002001,1
121079508004022,4
121079505003057,5
121079502011072,3
121079507001101,4
121079505002104,5
121079514023020,2
121079512003083,2
121079509002026,4
121079507002024,4
121079501002019,1
121079506001009,3
121079512005018,2
121079502022071,3
121079502014074,3
121079503001009,5
121079503003205,5
121079513002145,2
121079505004107,5
121079505003045,5
121079514013011,2
121079505004063,5
121079501002007,1
121079510002014,1
121079512001003,2
121079514021012,2
121079509004007,4
121079513001043,2
121079507002014,4
121079507002020,4
121079512004019,1
121079513001063,2
121079514013051,2
121079514023005,2
121079509003000,4
121079505001050,3
121079513002080,2
121079503003040,5
121079514022026,2
121079508001026,4
121079507003002,4
121079514021039,2
121079512002020,2
121079514013066,2
121079514013039,2
121079511002039,1
121079511003006,1
121079503004022,5
121079505004013,5
121079503001080,5
121079503001082,5
121079501003015,3
121079502013237,3
121079501003050,1
121079506003072,3
121079509003012,4
121079513002114,2
121079510001000,1
121079510003010,1
121079507004037,4
121079503003046,5
121079513002089,2
121079505002039,5
121079508001012,4
121079508003015,4
121079505004097,5
121079514021070,2
121079505002006,3
121079508002037,4
121079507001047,4
121079514013067,2
121079514022029,2
121079503004048,5
121079509004017,4
121079505001045,3
121079514013024,2
121079502021023,3
121079508003021,1
121079507004020,4
121079509001035,4
121079514021075,2
121079514013048,2
121079503003080,5
121079503003023,5
121079503003097,5
121079502014034,3
121079505002015,3
121079503003154,5
121079512003015,1
121079503001106,5
121079513002001,2
121079506003076,3
121079502012022,3
121079505002081,5
121079511001013,1
121079505001053,3
121079510002003,1
121079514011046,2
121079503003191,5
121079510003044,1
121079507004046,4
121079505004119,5
121079509005008,3
121079501001025,1
121079501001042,1
121079505004026,5
121079512004067,1
121079510003002,1
121079507002086,4
121079511001009,1
121079501001000,1
121079505001016,3
121079505001056,3
121079503004030,5
121079502011027,5
121079513002105,2
121079513002157,2
121079514023041,2
121079512001006,2
121079502013051,3
121079502013027,3
121079502013085,3
121079514011067,2
121079502011076,3
121079512004030,1
121079508002029,4
121079508001001,4
121079510003031,1
121079507002046,4
121079508002031,4
121079502014029,5
121079503004002,3
121079512004035,1
121079502012021,3
121079503001238,5
121079513001008,2
121079501001044,1
121079503001001,5
121079506002017,3
121079514021083,2
121079503001165,5
121079513002083,2
121079509001006,4
121079503001039,5
121079507002033,4
121079501002026,1
121079513002009,2
121079506002009,4
121079512001055,2
121079502012128,3
121079507004051,4
121079502012038,3
121079514011016,2
121079501003020,3
121079502022096,3
121079514011012,2
121079502014036,5
121079510003042,1
121079514022035,2
121079503001166,5
121079505004023,5
121079514012002,2
121079505004101,5
121079508004006,4
121079505004087,5
121079514022001,2
121079503001170,5
121079502022101,3
121079513002048,2
121079514023011,2
121079513002007,2
121079507002003,4
121079502022127,3
121079507001038,4
121079512005015,2
121079502013143,3
121079512003014,1
121079512003052,2
121079502022119,3
121079514013035,2
121079514013004,2
121079513002156,2
121079509004013,4
121079505003032,5
121079501003039,1
121079514021036,2
121079508003002,1
121079511002007,1
121079509006013,4
121079512004000,1
121079514022039,2
121079514021037,2
121079514021047,2
121079512004037,1
121079503001157,5
121079503001156,5
121079503003169,5
121079513002109,2
121079513002075,2
121079512003062,2
121079512004082,1
121079502022142,3
121079503003103,5
121079512004023,1
121079506002035,3
121079513002113,2
121079505003000,5
121079511001014,1
121079504002005,5
121079503001059,5
121079503001063,5
121079510003012,1
121079502012011,3
121079503001095,5
121079503003090,5
121079503003076,5
121079502014057,5
121079505002001,3
121079512002011,2
121079505001076,3
121079501001016,1
121079505003056,5
121079502012104,3
121079503001214,5
121079505002027,3
121079507001094,4
121079507001100,4
121079507001103,4
121079512003018,1
121079510001040,1
121079503001056,5
121079503002001,5
121079505004039,5
121079504001014,5
121079502013286,5
121079507001088,4
121079502013087,3
121079514013003,2
121079501002023,1
121079505002101,3
121079502013275,3
121079502012063,5
121079502013199,5
121079508003003,1
121079513002002,2
121079511003012,1
121079502011024,5
121079502013184,5
121079502014039,3
121079514012004,2
121079505001065,3
121079506003055,4
121079503003143,5
121079510001033,1
121079511002026,1
121079512005010,2
121079512003022,1
121079512004043,1
121079504001026,5
121079504001017,5
121079514021017,2
121079514021016,2
121079513001010,2
121079502014002,5
121079505002086,3
121079501002035,1
121079503001186,5
121079503003075,5
121079507001065,4
121079511003004,1
121079512004007,1
121079503004000,3
121079503003167,5
121079511004016,1
121079503001048,5
121079503001049,5
121079502012042,3
121079514023007,2
121079510001036,1
121079502012109,3
121079502022093,3
121079509006014,4
121079501003017,1
121079511002038,1
121079510003048,1
121079508001031,4
121079508001027,4
121079514022043,2
121079512004066,1
121079505004065,5
121079507002064,4
121079505004002,5
121079514021059,2
121079511004013,1
121079503001102,5
121079502013165,3
121079502013231,3
121079502013159,3
121079513001015,2
121079503004036,5
121079502013208,3
121079502014017,5
121079508003029,4
121079503003175,5
121079507004017,4
121079503003187,5
121079502022129,3
121079502012074,3
121079502013042,3
121079502013106,3
121079502013127,3
121079502011071,3
121079508004014,4
121079505004091,5
121079512005011,2
121079514013020,2
121079502021021,3
121079507001045,4
121079505002040,5
121079506003050,4
121079505001059,3
121079506001004,3
121079501003018,1
121079507003004,4
121079512004003,1
121079511003024,1
121079505004114,5
121079513002119,2
121079514023026,2
121079503003130,5
121079506003040,4
121079513002027,2
121079510002020,1
121079505002088,3
121079509002008,4
121079508002058,4
121079507004023,4
121079502022068,3
121079505001000,3
121079505002077,5
121079509005001,1
121079503001052,5
121079503001060,5
121079506003060,4
121079513002148,2
121079509002011,4
121079503001129,5
121079502012140,3
121079505001048,3
121079501001020,1
121079502013222,3
121079510003029,1
121079505004088,5
121079505004034,5
121079514021091,2
121079514022017,2
121079502011069,3
121079505004102,5
121079503003003,5
121079509005004,1
121079508003012,4
121079502013242,3
121079503001032,5
121079503001199,5
121079510001021,1
121079509002029,4
121079502012075,3
121079502013224,3
121079502011053,5
121079514013047,2
121079514021096,2
121079503001119,5
121079511002017,1
121079503001058,5
121079508004037,1
121079508004049,4
121079503002038,5
121079502012025,3
121079502021033,3
121079512003039,2
121079511002019,1
121079502012015,3
121079502013226,3
121079511002014,1
121079508002036,4
121079502013097,3
121079506002028,3
121079507002063,4
121079513002070,2
121079508002046,4
121079505001027,3
121079502021025,3
121079506001021,3
121079514013025,2
121079514011052,2
121079514013013,2
121079509002022,4
121079508003028,4
121079502012024,3
121079502012020,3
121079503003182,5
121079514011031,2
121079514022012,2
121079502013268,3
121079514013057,2
121079514012013,2
121079513002055,2
121079505001006,3
121079503003056,5
121079503003055,5
121079511002031,1
121079511002009,1
121079503003059,5
121079509002009,4
121079501002027,1
121079511004019,1
121079502014016,3
121079512002018,2
121079507004033,4
121079502012114,3
121079512002012,2
121079502022014,3
121079502022098,3
121079514011041,2
121079513002053,2
121079514023002,2
121079503004008,5
121079507004018,4
121079514021067,2
121079512001051,2
121079505004008,5
121079506003087,4
121079502021004,3
121079502013245,3
121079511002015,1
121079512002024,2
121079508001017,4
121079502013227,3
121079503003010,5
121079508003004,1
121079502013081,3
121079514021033,2
121079513001024,2
121079503003163,5
121079501001048,1
121079507001008,1
121079502022108,3
121079502022053,3
121079505002066,3
121079514013053,2
121079505004047,5
121079502022052,3
121079501001009,1
121079503001017,5
121079502022125,3
121079503003104,5
121079514021035,2
121079503001164,5
121079502014049,5
121079503003035,5
121079502012085,3
121079513001081,2
121079513002037,2
121079513002093,2
121079512003045,2
121079506001022,3
121079503003125,5
121079509006025,4
121079511004017,1
121079511001008,1
121079504002029,5
121079506003008,4
121079509003001,4
121079509003014,4
121079509001016,1
121079503004055,5
121079513002065,2
121079513001016,2
121079502022095,3
121079502022140,3
121079502011012,3
121079507002080,4
121079512001032,2
121079514021084,2
121079506003023,4
121079509004003,4
121079512004011,1
121079503003188,5
121079511004022,1
121079503001000,5
121079502011003,3
121079506003031,4
121079512004006,1
121079502014069,3
121079508003009,4
121079508004034,4
121079507003017,4
121079503002013,5
121079514023032,2
121079512001062,2
121079502013029,3
121079502013279,3
121079502022037,3
121079508001025,4
121079501001002,1
121079508002034,4
121079507002004,4
121079514013019,2
121079514013028,2
121079507001041,4
121079503004038,5
121079505001030,3
121079503002004,5
121079507004055,4
121079514021053,2
121079512003081,2
121079511002032,1
121079502011025,5
121079505001008,3
121079502011037,5
121079514011002,2
121079514022041,2
121079501002039,1
121079507002075,4
121079508002051,4
121079503003024,5
121079503001167,5
121079502014042,5
121079502012154,3
121079503001216,5
121079504002015,5
121079507001082,4
121079501003022,3
121079513002066,2
121079511004023,1
121079511001001,1
121079503001072,5
121079503001092,5
121079502012078,5
121079513002144,2
121079503001130,5
121079502014032,5
121079513002010,2
121079503003185,5
121079510001047,1
121079510003038,1
121079506003016,4
121079503001237,5
121079514021040,2
121079503001019,5
121079502021024,3
121079501001021,1
121079504002012,5
121079514021052,2
121079514011009,2
121079502022030,3
121079513001032,2
121079502012064,5
121079502013157,3
121079503001027,5
121079508004033,4
121079509003007,4
121079505004033,5
121079505004057,5
121079502022106,3
121079507004044,4
121079506003024,3
121079506002020,3
121079508001000,1
121079511002037,1
121079507001007,1
121079501003014,1
121079505002083,5
121079508001008,4
121079514013030,2
121079514013050,2
121079505001060,3
121079502022088,3
121079511004014,1
121079508004044,4
121079507001061,4
121079505001084,3
121079508001016,4
121079502013272,5
121079512004049,1
121079512004048,1
121079512004004,1
121079503003079,5
121079503003032,5
121079505002067,3
121079502012159,3
121079505002092,3
121079510002000,1
121079514012000,2
121079503001016,5
121079512003019,1
121079513002147,2
121079507001083,4
121079511003003,1
121079502022036,3
121079503003123,5
121079502012153,3
121079507004053,4
121079513002153,2
121079506003094,4
121079506003017,4
121079509003019,4
121079502012118,3
121079509003027,4
121079512004025,1
121079505003021,5
121079514011019,2
121079513002040,2
121079510003027,1
121079508002057,4
121079512003043,2
121079514022018,2
121079501003043,1
121079505002100,3
121079507002081,4
121079503003165,5
121079512004001,1
121079502012134,3
121079508003008,4
121079508003027,4
121079505004128,5
121079513001046,2
121079508004057,1
121079509003006,4
121079505002098,5
121079509006032,4
121079513002069,2
121079508002027,4
121079505001062,3
121079510002008,1
121079512004013,1
121079506001001,3
121079505004126,5
121079508002016,4
121079502012026,3
121079504002027,5
121079503001053,5
121079502014003,5
121079503003036,5
121079503003135,5
121079501001005,1
121079503001175,5
121079505004121,5
121079503003073,5
121079503003043,5
121079507001058,4
121079510001015,1
121079502013126,3
121079514022016,2
121079502014035,3
121079502012040,3
121079507004010,4
121079505002073,3
121079510002022,1
121079503001073,5
121079502012037,3
121079504002030,5
121079511004021,1
121079501002040,1
121079502022081,3
121079514011008,2
121079503004064,5
121079502012110,3
121079505003001,3
121079514021044,2
121079508001036,4
121079512003041,2
121079514021085,2
121079511004000,1
121079511002030,1
121079503003028,5
121079511002025,1
121079513002043,2
121079513002036,2
121079503003031,5
121079509002015,4
121079504002022,5
121079502013141,3
121079502013197,5
121079502011047,5
121079505003023,5
121079507004007,4
121079505003027,5
121079508004039,4
121079507001001,1
121079509006002,4
121079505004032,5
121079514013063,2
121079514023012,2
121079503004039,5
121079508003036,1
121079507001040,4
121079506003061,4
121079508003014,4
121079505004076,5
121079512004008,1
121079507001091,4
121079508002021,4
121079507001043,4
121079514011048,2
121079512001043,2
121079506001005,3
121079508004031,4
121079511001019,1
121079512002029,2
121079512005005,2
121079513001027,2
121079502012076,5
121079513001012,2
121079512003047,2
121079507001104,4
121079503003178,5
121079503003052,5
121079504002006,5
121079503003115,5
121079502014050,5
121079513001059,2
121079513001058,2
121079509001029,4
121079505004012,5
121079503001064,5
121079502012101,3
121079502012089,3
121079502012012,3
121079502012048,3
121079502012120,3
121079511003036,1
121079511003017,1
121079510003015,1
121079513002045,2
121079502012043,3
121079503004011,5
121079508001015,4
121079508001018,4
121079514021089,2
121079507001012,4
121079512004084,1
121079513002056,2
121079508002052,4
121079506003029,4
121079506002006,3
121079512001009,2
121079514023023,2
121079507002015,4
121079514011017,2
121079502011078,3
121079504001015,5
121079502011055,5
121079505002062,3
121079509003009,4
121079504002004,5
121079503002012,5
121079503002008,5
121079510001034,1
121079513002115,2
121079513002106,2
121079505004056,5
121079513002052,2
121079502013149,3
121079511004027,1
121079502013054,3
121079502013079,3
121079502013010,3
121079502013030,3
121079502013114,3
121079510001009,1
121079507004022,4
121079502013192,5
121079508004017,4
121079505002097,5
121079502022015,3
121079507002010,4
121079514011004,2
121079509005021,4
121079514023013,2
121079512001038,2
121079512004016,1
121079503002018,5
121079509001021,4
121079502012051,3
121079502012084,3
121079509003004,4
121079503001204,5
121079502011033,5
121079514022002,2
121079507001011,1
121079502012010,3
121079505002095,5
121079502022055,3
121079501003023,3
121079503001187,5
121079513001084,2
121079507001000,1
121079507004016,4
121079502012112,3
121079514023033,2
121079503004021,5
121079513002046,2
121079502022032,3
121079502022139,3
121079510003025,1
121079503002019,5
121079505002060,3
121079507001086,4
121079514012015,2
121079514021057,2
121079514021061,2
121079503001098,5
121079502013096,3
121079512004069,1
121079501001033,1
121079505004113,5
121079508002055,4
121079502013000,3
121079502013183,5
121079503001177,5
121079501002022,1
121079505004019,5
121079504001006,5
121079502013213,3
121079507002029,4
121079502013235,3
121079508004021,4
121079508004050,4
121079503003038,5
121079510003043,1
121079512004041,1
121079502013139,3
121079512004032,1
121079506003090,3
121079507004009,4
121079501001013,1
121079508001007,4
121079508002003,4
121079507001077,4
121079506001019,3
121079514013002,2
121079503002025,5
121079505002089,3
121079503001137,5
121079502011046,5
121079513001013,2
121079507001051,4
121079503001031,5
121079503001155,5
121079503002024,5
121079503003062,5
121079503001127,5
121079511002041,1
121079505001077,3
121079503003172,5
121079507001050,4
121079513001060,2
121079502013109,3
121079507002032,4
121079511003030,1
121079512005001,2
121079507004008,4
121079513001041,2
121079506002034,3
121079502012111,3
121079505003037,5
121079512002009,2
121079513001052,2
121079511002028,1
121079514021093,2
121079503001117,5
121079512003051,2
121079512004070,1
121079510001016,1
121079505004018,5
121079502022069,3
121079501002014,1
121079502012079,5
121079503002048,5
121079502013260,3
121079506003021,4
121079503004004,3
121079503002026,5
121079503001090,5
121079508004035,4
121079508004046,1
121079503003101,5
121079503001159,5
121079514021022,2
121079514021008,2
121079502022005,3
121079503003174,5
121079513002094,2
121079512005004,2
121079503004024,5
121079502012000,3
121079502013059,3
121079505003044,5
121079502011007,3
121079514022007,2
121079508003011,4
121079512001010,2
121079505001044,3
121079505002051,3
121079502012046,3
121079504001013,5
121079509002005,4
121079502013151,3
121079507001090,4
121079505004066,5
121079510001014,1
121079511003042,1
121079509001036,4
121079503003013,5
121079513001022,2
121079509003026,4
121079513001080,2
121079507001059,4
121079507004015,4
121079503001226,5
121079505001080,3
121079505004098,5
121079514011064,2
121079506002022,3
121079502022008,3
121079505001020,3
121079502013283,5
121079502011054,5
121079512003009,1
121079505004070,5
121079506002004,4
121079502011070,3
121079511003027,1
121079511003021,1
121079502012096,3
121079508004011,4
121079502013048,3
121079503001217,5
121079505004037,5
121079503004006,3
121079514021018,2
121079502013288,5
121079503001038,5
121079509003003,4
121079502022116,3
121079503004060,5
121079502012094,3
121079505004052,5
121079511001012,1
121079502014025,3
121079502014027,5
121079503003067,5
121079502013135,3
121079513002008,2
121079502013034,3
121079507002034,4
121079506003062,4
121079507004050,4
121079508004016,4
121079503004056,5
121079503004026,5
121079513002073,2
121079507002058,4
121079514013007,2
121079510001031,1
121079514023014,2
121079506003047,4
121079503004018,5
121079507001042,4
121079503002003,5
121079512001045,2
121079506002002,4
121079514021064,2
121079514011050,2
121079514021005,2
121079502013265,3
121079502012147,5
121079502012009,3
121079509006006,4
121079502022019,3
121079503001192,5
121079511001004,1
121079503001061,5
121079502012097,3
121079513002018,2
121079501001022,1
121079510003030,1
121079510001043,1
121079514011020,2
121079511001015,1
121079503004020,5
121079508004005,4
121079508004003,4
121079512003048,2
121079512003026,1
121079503001005,5
121079501001035,1
121079501001040,1
121079503001210,5
121079505004030,5
121079511002023,1
121079506003070,3
121079505001043,3
121079508003025,4
121079503002040,5
121079503003117,5
121079510001008,1
121079514013000,2
121079502013195,5
121079511002002,1
121079503001089,5
121079507003005,4
121079508004038,1
121079507003016,4
121079503002014,5
121079505002074,5
121079505001035,3
121079505003035,5
121079513002058,2
121079502013136,3
121079502014001,5
121079502013122,3
121079511002018,1
121079514011034,2
121079507002045,4
121079509005005,4
121079503004003,3
121079505004004,5
121079502014076,3
121079502013263,3
121079514021080,2
121079514021020,2
121079508004012,4
121079512003050,2
121079502013267,3
121079507002041,4
121079505004115,5
121079507004001,4
121079501003045,3
121079510002001,1
121079502014047,5
121079503003158,5
121079512004010,1
121079503001114,5
121079504002010,5
121079502014068,3
121079510002025,1
121079509002018,4
121079509003015,4
121079507001010,4
121079507002042,4
121079514011030,2
121079511003015,1
121079513001045,2
121079502022006,3
121079505001085,3
121079505003014,5
121079512003032,2
121079514012012,2
121079514013029,2
121079506003027,4
121079503003034,5
121079503003033,5
121079503001230,5
121079509002016,4
121079505001054,3
121079502011019,5
121079502011034,5
121079503001028,5
121079507004042,4
121079507004005,4
121079510003014,1
121079505004061,5
121079503003119,5
121079514011049,2
121079507002022,4
121079501003031,3
121079503003066,5
121079514021069,2
121079512001061,2
121079502011009,3
121079508003013,4
121079507001048,4
121079505003011,3
121079502012170,3
121079514013041,2
121079503002041,5
121079503001172,5
121079514021006,2
121079512004071,1
121079503003081,5
121079503003107,5
121079505002043,3
121079506003081,3
121079506003074,4
121079507001057,4
121079507001067,4
121079502022028,3
121079506001017,3
121079509001027,4
121079514022009,2
121079503001051,5
121079502012131,3
121079502014079,5
121079503003089,5
121079503001128,5
121079502012107,3
121079505004050,5
121079504002021,5
121079501003041,1
121079505003008,5
121079513002137,2
121079503003015,5
121079505003004,5
121079508004004,4
121079512001024,2
121079502022102,3
121079503002005,5
121079507001035,4
121079512004024,1
121079503004027,5
121079513001061,2
121079503003063,5
121079512002033,2
121079513002096,2
121079514013027,2
121079502012071,3
121079503004057,5
121079502011052,5
121079503001020,5
121079507002008,4
121079512004009,1
121079509001002,1
121079514012001,2
121079503003181,5
121079508002017,4
121079505003003,5
121079506003000,1
121079503001136,5
121079511003010,1
121079503003140,5
121079507002018,4
121079506003019,4
121079502012039,3
121079507003014,4
121079512003068,2
121079502013269,3
121079514021068,2
121079511002024,1
121079513002024,2
121079507004024,4
121079514013016,2
121079503002046,5
121079508002023,4
121079502014033,5
121079502012047,3
121079508002041,4
121079508001003,4
121079514021097,2
121079505004001,5
121079503001169,5
121079505004106,5
121079503001044,5
121079514013033,2
121079510002015,1
121079501002032,1
121079503003021,5
121079502012001,3
121079502021028,3
121079503001062,5
121079502022016,3
121079502022082,3
121079505003009,3
121079513002034,2
121079503003025,5
121079502022094,3
121079502022133,3
121079510001044,1
121079514021013,2
121079514022024,2
121079502012056,3
121079505002065,3
121079508001030,4
121079512001059,2
121079514021092,2
121079513001031,2
121079503003020,5
121079503001099,5
121079509003025,4
121079503002011,5
121079503002021,5
121079505003050,5
121079503003146,5
121079502013262,3
121079502013259,3
121079502013264,3
121079511004007,1
121079503004046,5
121079514012008,2
121079513002006,2
121079512001035,2
121079512004021,1
121079512003054,2
121079502013101,5
121079507001095,4
121079510001012,1
121079507001098,4
121079514013075,2
121079514011044,2
121079509003022,4
121079505001028,3
121079514011042,2
121079502022007,3
121079502012151,3
121079502022031,3
121079502011049,5
121079513001076,2
121079514021019,2
121079514021002,2
121079514013064,2
121079503001065,5
121079503003053,5
121079503003144,5
121079505002053,3
121079502011026,5
121079511002033,1
121079502022024,3
121079511002016,1
121079509001024,4
121079511003022,1
121079511001010,1
121079503001219,5
121079502012053,3
121079502012115,3
121079503001110,5
121079503001229,5
121079503003093,5
121079509002007,4
121079506003071,3
121079513002060,2
121079512002013,2
121079503004063,5
121079502022026,3
121079502012119,3
121079503004009,5
121079513001023,2
121079513002158,2
121079505004053,5
121079502013253,3
121079509006015,4
121079509003010,4
121079502012098,3
121079513002041,2
121079512003027,1
121079512003071,2
121079502013044,3
121079502013062,3
121079502013258,3
121079501003009,1
121079502022062,3
121079508003016,4
121079508002049,4
121079508002019,4
121079507004012,4
121079512004017,1
121079505004060,5
121079502022018,3
121079502013203,5
121079503001161,5
121079503001215,5
121079508003005,1
121079502012072,3
121079514021021,2
121079514012019,2
121079513002132,2
121079503003092,5
121079507004049,4
121079505004085,5
121079504001008,5
121079509001040,1
121079512002015,2
121079505001039,3
121079501003012,1
121079503001096,5
121079512002000,1
121079505001082,3
121079505001087,3
121079510003016,1
121079511002013,1
121079512003055,2
121079503003109,5
121079502011000,3
121079512005025,2
121079505004020,5
121079509002014,4
121079503003012,5
121079502013057,3
121079502013073,3
121079503002047,5
121079503002054,5
121079505001033,3
121079502012065,5
121079502013155,3
121079502013236,3
121079513001083,2
121079503001003,5
121079513002116,2
121079506003009,4
121079507003020,4
121079502021015,3
121079505002050,3
121079507004047,4
121079502022002,3
121079512001060,2
121079507001028,4
121079512004051,1
121079509002019,4
121079501003033,3
121079502021016,3
121079510003039,1
121079502013078,3
121079503001074,5
121079503004059,5
121079514021023,2
121079502012055,3
121079503003168,5
121079505002052,3
121079513001039,2
121079507003024,4
121079510003021,1
121079512003082,1
121079502013020,3
121079507004040,4
121079503001067,5
121079503002044,5
121079502012099,3
121079502012080,5
121079507004025,4
121079509003008,4
121079502012023,3
121079501001029,1
121079501002012,1
121079501003036,1
121079513001018,2
121079502012035,3
121079510003033,1
121079510003019,1
121079505004027,5
121079505003041,5
121079507002083,4
121079514021031,2
121079503001008,5
121079501001046,1
121079505004040,5
121079510003040,1
121079512003008,1
121079507001069,4
121079502013215,5
121079512002030,2
121079509001038,1
121079502012073,5
121079502014005,5
121079507001032,4
121079507003023,4
121079508004040,4
121079507003027,4
121079508004051,4
121079502013071,3
121079502013082,3
121079502013083,3
121079507001026,1
121079513002068,2
121079508002033,4
121079511001006,1
121079514011038,2
121079503001188,5
121079512001029,2
121079501003035,1
121079506003054,4
121079502021005,3
121079503001085,5
121079503001034,5
121079506003077,3
121079512005000,2
121079505004127,5
121079513002072,2
121079503001162,5
121079503001202,5
121079503004053,5
121079507001099,4
121079502022065,3
121079503003155,5
121079514011061,2
121079505002041,3
121079502013005,3
121079502013050,3
121079502013074,3
121079510001029,1
121079507001044,4
121079506003011,4
121079502012123,3
121079502022034,3
121079514011011,2
121079503004001,3
121079512003016,1
121079514012018,2
121079512001021,2
121079501002009,1
121079505004054,5
121079505004044,5
121079506003088,4
121079503003094,5
121079512001052,2
121079503002061,5
121079502014000,5
121079502013233,3
121079508003022,1
121079507003018,4
121079508003030,4
121079506002008,4
121079503001181,5
121079507002001,4
121079513002082,2
121079502012086,3
121079503003042,5
121079502013092,3
121079502013247,3
121079502013102,5
121079505002078,5
121079505003059,5
121079514021090,2
121079514021078,2
121079506001003,3
121079512004085,1
121079512004044,1
121079509002028,4
121079512002004,2
121079507001046,4
121079514013010,2
121079506001012,3
121079503001024,5
121079502013190,5
121079502012082,5
121079501002004,1
121079502013014,3
121079505001015,3
121079512001037,2
121079503001133,5
121079502014046,5
121079503002043,5
121079503001021,5
121079506003039,4
121079502022059,3
121079501002037,1
121079502021006,3
121079511003005,1
121079502012161,3
121079502012127,3
121079502012168,3
121079506003066,3
121079502022087,3
121079510001030,1
121079513001055,2
121079507004026,4
121079507002070,4
121079513001019,2
121079507002079,4
121079505004100,5
121079505004045,5
121079509006017,4
121079502013191,5
121079505004024,5
121079502012059,3
121079502013248,3
121079505001055,3
121079503004058,5
121079507002057,4
121079508003007,4
121079508004042,4
121079508001002,4
121079501002016,1
121079502013018,3
121079508002020,4
121079502012044,3
121079503004062,5
121079502013130,3
121079512001034,2
121079502013026,3
121079502013095,5
121079511002027,1
121079506003006,4
121079505002076,5
121079505004077,5
121079506003034,4
121079507001072,4
121079514023017,2
121079514023038,2
121079513001070,2
121079505002090,3
121079502012030,3
121079506003091,3
121079508002015,4
121079503001112,5
121079506002023,3
121079508004045,1
121079502013273,5
121079514022040,2
121079502013277,3
121079503003087,5
121079502012149,3
121079513002086,2
121079513002016,2
121079507001085,4
121079509001028,4
121079509002012,4
121079513002029,2
121079514023028,2
121079507002021,4
121079502012041,3
121079502012088,5
121079506003012,4
121079502014083,5
121079505003007,5
121079503003192,5
121079510002002,1
121079505001072,2
121079501001030,1
121079503002042,5
121079513002051,2
121079509001031,4
121079509006026,4
121079509001003,4
121079507002067,4
121079503003194,5
121079513002135,2
121079514021086,2
121079502011062,5
121079502013289,5
121079514012009,2
121079508003031,1
121079507001075,4
121079511004002,1
121079513001034,2
121079501003040,3
121079502022120,3
121079511003013,1
121079513002146,2
121079508004013,4
121079508001022,4
121079513002074,2
121079507002061,4
121079514011033,2
121079508002001,4
121079514013044,2
121079503001125,5
121079503003083,5
121079502022038,3
121079506003013,4
121079503003049,5
121079509001041,1
121079514021000,2
121079502012070,3
121079513002067,2
121079505002017,3
121079507002039,4
121079511002034,1
121079502022064,3
121079503003128,5
121079513001057,2
121079513001020,2
121079509001026,4
121079509001032,4
121079502013098,3
121079502014065,3
121079502012133,3
121079502021012,3
121079510002016,1
121079503001154,5
121079502021009,3
121079502014045,5
121079514011015,2
121079507001018,1
121079513001037,2
121079513002162,2
121079513001014,2
121079514021034,2
121079511004018,1
121079503003085,5
121079512001018,2
121079501001038,1
121079505002064,3
121079504002019,5
121079512001019,2
121079506001018,3
121079509001008,4
121079507003009,4
121079509005006,1
121079502013173,3
121079502013153,3
121079512001026,2
121079502013207,5
121079509003020,4
121079514021041,2
121079502014019,5
121079505003038,5
121079505003019,5
121079503003051,5
121079512005028,2
121079502013201,5
121079502013024,3
121079512001063,2
121079512003073,2
121079512001007,2
121079507004043,4
121079502013055,3
121079502013121,3
121079502013150,3
121079501002010,1
121079508002048,4
121079508002005,4
121079514021007,2
121079514023018,2
121079502011063,5
121079502022105,3
121079514023031,2
121079505003055,5
121079508004015,4
121079508002064,4
121079506002015,4
121079514023039,2
121079509001019,1
121079502021026,3
121079507001054,4
121079511004003,1
121079513001062,2
121079512002026,2
121079503001108,5
121079502014081,5
121079502011020,5
121079513002098,2
121079512005021,2
121079507001005,1
121079501003047,1
121079513001036,2
121079501003024,3
121079502013032,3
121079503003199,5
121079505004072,5
121079507002044,4
121079512004058,1
121079512004062,1
121079501001003,1
121079505004055,5
121079505002063,3
121079505002058,3
121079502011058,5
121079512003031,1
121079502022051,3
121079507001027,4
121079511003040,1
121079502013177,3
121079506003059,4
121079514013068,2
121079512003040,2
121079504001027,5
121079502011014,5
121079505004094,5
121079514022033,2
121079503001151,5
121079502012143,3
121079514011068,2
121079502013117,3
121079512002008,2
121079510003003,1
121079503003100,5
121079502022012,3
121079508002062,4
121079507002019,4
121079509005017,4
121079510001041,1
121079514023040,2
121079503002066,5
121079501001036,1
121079505001024,3
121079514021054,2
121079503001042,5
121079505004129,5
121079513002044,2
121079513002084,2
121079513002061,2
121079503003189,5
121079512001022,2
121079503003112,5
121079502012067,5
121079502013084,3
121079513001025,2
121079508002013,4
121079502013009,3
121079502014023,5
121079505001069,2
121079513001086,2
121079503002023,5
121079512004033,1
121079502022023,3
121079502022021,3
121079505004049,5
121079508003038,1
121079502013118,3
121079514023025,2
121079511003025,1
121079502014062,5
121079502014071,3
121079507002072,4
121079502012126,3
121079510003022,1
121079505003043,5
121079509005003,1
121079513001001,2
121079511001020,1
121079505001013,3
121079513002141,2
121079502022009,3
121079512001033,2
121079510003028,1
121079502013204,5
121079512004060,1
121079504002011,5
121079502013234,3
121079503003157,5
121079508001024,4
121079512001017,2
121079503001116,5
121079502012029,3
121079502013176,3
121079502013240,3
121079512003036,2
121079509005018,4
121079508003019,4
121079514021046,2
121079514023019,2
121079502013225,3
121079512004073,1
121079514023008,2
121079506003085,4
121079508002050,4
121079514012016,2
121079502022131,3
121079507001055,4
121079506001013,3
121079512004090,1
121079512004029,1
121079503002036,5
121079503003096,5
121079502014043,3
121079502012148,3
121079502014061,5
121079502013238,3
121079505001014,3
121079501003042,1
121079503001109,5
121079509006028,4
121079502013219,3
121079514013062,2
121079503001185,5
121079505004111,5
121079503003111,5
121079510001020,1
121079503003160,5
121079503003141,5
121079506002011,3
121079505001058,3
121079502022066,3
121079502011002,3
121079509006022,4
121079503004050,5
121079502012169,3
121079511003039,1
121079502014082,5
121079502014013,5
121079510003009,1
121079513001033,2
121079503001212,5
121079514011053,2
121079514011037,2
121079512002005,2
121079513002092,2
121079511002011,1
121079511002029,1
121079512003059,2
121079513001030,2
121079501001032,1
121079502022045,3
121079508001006,4
121079507002071,4
121079505004086,5
121079505004048,5
121079511003016,1
121079502021014,3
121079504001018,5
121079514011039,2
121079509005015,4
121079502013214,5
121079514011051,2
121079502022099,3
121079511004015,1
121079502013015,3
121079505004074,5
121079513002005,2
121079503004012,5
121079502013076,3
121079502013089,3
121079507004027,4
121079514022038,2
121079514021076,2
121079507002059,4
121079506003045,4
121079512004045,1
121079514013015,2
121079503001122,5
121079505002096,5
121079502013198,5
121079503001066,5
121079502021017,3
121079505002028,3
121079506002000,4
121079502021030,3
121079502022083,3
121079509001034,4
121079512001027,2
121079502012171,3
121079504002028,5
121079502012033,3
121079513002107,2
121079502012008,3
121079506003020,4
121079506003022,4
121079509001020,4
121079504002009,5
121079511001011,1
121079502014072,3
121079503003195,5
121079510001046,1
121079505004123,5
121079506003014,4
121079513001089,2
121079513001071,2
121079510003013,1
121079502021034,3
121079512004063,1
121079506003038,4
121079501001034,1
121079505004112,5
121079509006033,4
121079504001012,5
121079506003010,4
121079507001021,1
121079503001025,5
121079502012068,3
121079512001016,2
121079502022113,3
121079503004041,5
121079502011061,5
121079503001091,5
121079508003033,4
121079506003051,4
121079503002030,5
121079514021077,2
121079514022021,2
121079510003032,1
121079514021088,2
121079502011039,5
121079501001045,1
121079502013053,3
121079502013011,3
121079509004001,4
121079505002059,3
121079509006030,4
121079507001073,4
121079504001000,5
121079512004086,1
121079505001063,3
121079505003020,5
121079508002006,4
121079501003013,1
121079505002014,3
121079507001029,4
121079509002031,4
121079503001094,5
121079507003021,4
121079503003019,5
121079505002021,3
121079513001042,2
121079503001040,5
121079503001057,5
121079506003002,4
121079507001087,4
121079511002035,1
121079503003102,5
121079507001002,1
121079505002010,3
121079505001001,3
121079509006031,4
121079502022073,3
121079502012028,3
121079510001037,1
121079510001038,1
121079502012105,3
121079514011059,2
121079506002013,4
121079511001017,1
121079501001010,1
121079505002055,3
121079512005030,2
121079512005029,2
121079502013066,3
121079502013002,3
121079514021024,2
121079514021062,2
121079510003037,1
121079502011064,5
121079513002131,2
121079503001228,5
121079503001143,5
121079502011036,5
121079510003001,1
121079509004012,4
121079507004013,4
121079503004042,5
121079502011028,5
121079503001041,5
121079506002029,3
121079509003002,4
121079512005023,2
121079502022072,3
121079508003024,4
121079504002032,5
121079504001021,5
121079502013046,3
121079502014054,5
121079513001044,2
121079503001150,5
121079514022032,2
121079502013174,3
121079502013038,3
121079502013025,3
121079501001011,1
121079501001014,1
121079505004075,5
121079507002023,4
121079512001039,2
121079508002030,4
121079514013006,2
121079514011024,2
121079503004045,5
121079512001040,2
121079502011008,3
121079503001103,5
121079505001074,3
121079509002021,4
121079509004009,4
121079502013125,3
121079514011010,2
121079505004042,5
121079503003014,5
121079513002118,2
121079513002091,2
121079505001022,3
121079501002033,1
121079504001022,5
121079502014073,3
121079510003006,1
121079507004019,4
121079507002078,4
121079506003093,3
121079507001025,1
121079501003007,1
121079514011006,2
121079502012007,3
121079503001007,5
121079506003033,4
121079507002077,4
121079503003134,5
121079505002032,3
121079503001231,5
121079508003001,4
121079503001176,5
121079502013154,3
121079502013228,3
121079502013162,3
121079502011050,5
121079502011051,5
121079512005016,2
121079508002022,4
121079502014022,5
121079502022044,3
121079506003046,4
121079507003012,4
121079512001056,2
121079502013012,3
121079502013094,5
121079507002047,4
121079514022025,2
121079514023004,2
121079508002008,4
121079502021032,3
121079511003019,1
121079504002023,5
121079504001001,5
121079502011018,5
121079502011044,5
121079503001182,5
121079505003031,5
121079507002049,4
121079501001004,1
121079514012010,2
121079502022042,3
121079503003114,5
121079508002054,4
121079505002103,5
121079507001070,4
121079503001123,5
121079511002006,1
121079502022029,3
121079503003145,5
121079503003152,5
121079513002000,2
121079503002009,5
121079509006029,4
121079509002013,4
121079502011011,3
121079504001019,5
121079502014075,5
121079506002014,3
121079507002053,4
121079510001049,1
121079507002025,4
121079509001018,1
121079502012116,3
121079502014037,5
121079505004095,5
121079501003016,1
121079511003041,1
121079513002039,2
121079502013144,3
121079502013052,3
121079510003045,1
121079507001062,4
121079512003034,2
121079502013185,5
121079503002059,5
121079502014053,5
121079513001003,2
121079511004009,1
121079502012062,5
121079502013257,3
121079514011055,2
121079510003017,1
121079508002026,4
121079503003060,5
121079502022126,3
121079505004036,5
121079509002006,4
121079501002021,1
121079508003018,4
121079508003023,1
121079503003029,5
121079503003099,5
121079505003051,5
121079502013045,3
121079502013031,3
121079502013040,3
121079507002074,4
121079513002134,2
121079502022046,3
121079508002039,4
121079508002012,4
121079505004011,5
121079512002002,2
121079502011041,5
121079505003022,5
121079505001012,3
121079513002087,2
121079514021027,2
121079504002003,5
121079508004025,4
121079503001179,5
121079503001178,5
121079514021025,2
121079507004038,4
121079505002037,3
121079505002024,3
121079505003010,3
121079509001001,1
121079503003000,5
121079501003051,1
121079511003035,1
121079503003147,5
121079507004004,4
121079509002000,4
121079514011001,2
121079501001012,1
121079511003026,1
121079510001028,1
121079514011045,2
121079509001011,4
121079513002020,2
121079501003034,3
121079502012155,3
121079508004002,4
121079503003005,5
121079514011040,2
121079501002001,1
121079503002020,5
121079506003063,4
121079512001015,2
121079501001024,1
121079503001081,5
121079509003016,4
121079514013022,2
121079505003013,5
121079501003004,1
121079503003124,5
121079502014008,5
121079502014011,5
121079508002063,4
121079503001046,5
121079513002142,2
121079508004048,4
121079513002099,2
121079505004038,5
121079509006009,4
121079502013148,3
121079502013075,3
121079502022079,3
121079510001026,1
121079508004001,4
121079505004079,5
121079507002054,4
121079505001019,3
121079502022060,3
121079512003084,1
121079507002006,4
121079514013036,2
121079514022027,2
121079512001046,2
121079512004054,1
121079506002037,3
121079507001052,4
121079505004067,5
121079511004024,1
121079512001005,2
121079507004034,4
121079508004018,4
121079512003017,1
121079503003039,5
121079503003180,5
121079505004051,5
121079505004073,5
121079508004052,1
121079505002046,3
121079503003037,5
121079514023037,2
121079511003038,1
121079503001043,5
121079505002044,3
121079503003156,5
121079510001032,1
121079507004048,4
121079503001093,5
121079509002017,4
121079507002035,4
121079501002020,1
121079513002088,2
121079504002024,5
121079505001017,3
121079508002061,4
121079502011023,5
121079514011054,2
121079514013014,2
121079502014052,3
121079501001031,1
121079505002029,3
121079507001013,1
121079505001004,3
121079504001023,5
121079503003078,5
121079800001000,3
121079507004003,4
121079507002038,4
121079503002002,5
121079507001079,4
121079510003034,1
121079506003036,4
121079502014024,5
121079513002050,2
121079511004026,1
121079512002022,2
121079502013133,3
121079512001048,2
121079512004015,1
121079512003066,2
121079502013086,3
121079506003080,3
121079506002003,4
121079514021072,2
121079502013282,3
121079512004040,1
121079514013023,2
121079514013060,2
121079502012125,3
121079509001023,4
121079502013241,3
121079513002101,2
121079503002039,5
121079514021082,2
121079514021065,2
121079514021003,2
121079503003106,5
121079503003139,5
121079502012158,3
121079505003058,5
121079505002045,3
121079505002070,3
121079513002127,2
121079508002014,4
121079507001074,4
121079511003000,1
121079501002017,1
121079513002026,2
121079512002006,2
121079510002021,1
121079503001077,5
121079506002036,3
121079513002059,2
121079514011060,2
121079505001051,3
121079501001028,1
121079501002015,1
121079503003193,5
121079506003030,4
121079508001035,4
121079512003007,1
121079503001097,5
121079503001013,5
121079510001022,1
121079514022008,2
121079505002085,5
121079512004026,1
121079502013064,3
121079505004025,5
121079505004125,5
121079505004005,5
121079507004054,4
121079508004000,4
121079512003033,2
121079514013046,2
121079507002069,4
121079505001038,3
121079504001028,5
121079504001030,5
121079505003047,5
121079509005010,4
121079508003026,1
121079507004028,4
121079510001001,1
121079509005019,4
121079514011014,2
121079501002018,1
121079511003032,1
121079507001060,4
121079507001053,4
121079512001000,2
121079502013049,3
121079502013060,3
121079502013088,3
121079502011001,3
121079507002062,4
121079505004109,5
121079503004047,5
121079512004057,1
121079514013008,2
121079503003011,5
121079503003084,5
121079502022110,3
121079506003053,4
121079502022130,3
121079512001020,2
121079512003060,2
121079502011048,5
121079503001036,5
121079514021014,2
121079506001002,3
121079507001071,4
121079506003073,4
121079502012166,3
121079503003121,5
121079501002024,1
121079505002035,3
121079509006019,4
121079506002033,3
121079506001000,3
121079510001050,1
121079506003044,4
121079503001132,5
121079506003092,3
121079502012018,3
121079501003038,1
121079514011023,2
121079513002100,2
121079513002139,2
121079507002082,4
121079512003037,2
121079503001163,5
121079502022107,3
121079504001032,5
121079512003070,2
121079504002017,5
121079507001093,4
121079513002023,2
121079512001014,2
121079502012091,3
121079502013036,3
121079503001054,5
121079502013202,3
121079502013249,3
121079513001074,2
121079512002032,2
121079502014064,3
121079508003020,4
121079513002140,2
121079513002071,2
121079514013012,2
121079502022086,3
121079505002036,3
121079513001085,2
121079512004002,1
121079514023010,2
121079502013110,3
121079502013100,3
121079507003015,4
121079512005006,2
121079502022136,3
121079512003010,1
121079509002027,4
121079514023006,2
121079512002016,2
121079513002003,2
121079514013005,2
121079503002010,5
121079503002051,5
121079512004074,1
121079514021043,2
121079514023016,2
121079502013229,3
121079502014021,5
