GEOID,DIST
121079502013131,1
121079506002038,3
121079502013266,1
121079509005016,3
121079510003000,3
121079507004029,4
121079503001158,2
121079503001142,2
121079505002016,2
121079509001013,3
121079509001014,4
121079507001105,4
121079514021050,5
121079501003025,1
121079503003183,2
121079514012014,5
121079502012165,2
121079504002026,2
121079503001055,2
121079502022076,1
121079502012045,1
121079503001115,2
121079505004009,2
121079503004015,2
121079505001034,3
121079507001016,4
121079501003000,1
121079507002048,4
121079508002056,4
121079514011029,5
121079512003002,3
121079512003004,3
121079512003044,3
121079514021030,5
121079512003057,3
121079507002060,4
121079502021013,1
121079508004054,3
121079514013037,5
121079514023027,5
121079503001010,2
121079514023024,5
121079502011045,2
121079504001009,2
121079502022078,1
121079513001090,5
121079505002012,2
121079512003011,3
121079503004032,2
121079514022034,5
121079502013146,1
121079508001013,4
121079502011015,1
121079512004012,3
121079505001081,5
121079508003034,4
121079512003072,3
121079506003057,4
121079502013274,1
121079508001037,4
121079503003202,2
121079504001010,2
121079503001033,2
121079513001077,5
121079514013052,5
121079514012006,5
121079513001065,5
121079513002015,5
121079501002006,1
121079513002104,5
121079511003020,3
121079506002007,4
121079511003002,3
121079503003120,2
121079503003002,2
121079509001025,4
121079514021073,5
121079502022075,1
121079505001073,5
121079514011022,5
121079513002111,5
121079512005032,5
121079513002022,5
121079513001047,5
121079503003030,2
121079503001144,2
121079505002004,2
121079505003012,2
121079514021060,5
121079512003024,3
121079514022013,5
121079503003050,2
121079503003200,2
121079502022135,1
121079502022047,1
121079505004104,2
121079507002068,4
121079502013223,1
121079503004025,2
121079512005019,5
121079503003164,2
121079502014051,2
121079505003054,2
121079506001007,3
121079506003068,1
121079502014038,2
121079514022020,5
121079502013068,1
121079503002017,2
121079503003110,2
121079504001020,2
121079502013178,1
121079502013189,1
121079502011075,1
121079507002084,4
121079507003003,4
121079512004052,3
121079505004029,2
121079505002082,2
121079511001018,3
121079514013074,5
121079505003018,2
121079501002003,1
121079507002036,4
121079502013206,1
121079512005003,5
121079505002102,2
121079514023030,5
121079504002014,2
121079512004027,3
121079511002012,3
121079509003011,4
121079510001035,3
121079505001071,5
121079512002017,5
121079505002025,2
121079506001014,3
121079505001049,5
121079510001042,3
121079502022013,1
121079511002021,3
121079502013021,1
121079514021042,5
121079514013031,5
121079511002005,3
121079512004077,3
121079505004035,2
121079505001018,1
121079513002123,5
121079511003034,3
121079502013205,1
121079508004041,4
121079502013104,1
121079503003136,2
121079503003127,2
121079503002063,2
121079502011004,1
121079505003030,2
121079513002143,5
121079503001190,2
121079502011013,1
121079502011073,1
121079505002019,2
121079513001006,5
121079502013230,1
121079512004020,3
121079510003024,3
121079502013043,1
121079502013016,1
121079502013056,1
121079502013209,1
121079507003008,4
121079508002059,4
121079514023029,5
121079512004050,3
121079506002016,3
121079503002058,2
121079505002048,2
121079502022070,1
121079508002060,4
121079502013243,1
121079508004028,4
121079507003025,4
121079512005014,5
121079506003042,4
121079514021055,5
121079514021063,5
121079503003044,2
121079503003027,2
121079508003037,3
121079502022061,1
121079503003113,2
121079503003151,2
121079514021011,5
121079511001000,3
121079503001071,2
121079502014080,2
121079511003028,3
121079509001017,4
121079513002057,5
121079507004031,4
121079514011007,5
121079505001083,5
121079513001035,5
121079503001191,2
121079511003031,3
121079512003042,3
121079503002016,2
121079511002043,3
121079503002065,2
121079502013090,1
121079512003063,3
121079502013196,1
121079502013246,1
121079505003026,2
121079512001011,3
121079502022109,1
121079502011038,1
121079514013054,5
121079502013123,1
121079501003019,1
121079503003022,2
121079505003048,2
121079513001007,5
121079514011043,5
121079502013142,1
121079502013138,1
121079502013239,1
121079505004081,2
121079514013017,5
121079506003058,4
121079512003003,3
121079507002016,4
121079504001003,2
121079503004016,2
121079514013049,5
121079505003017,2
121079501002038,1
121079503003006,2
121079502013175,1
121079510003023,3
121079505004117,2
121079511004005,3
121079502012157,1
121079503004010,2
121079503001235,2
121079506002021,3
121079507001084,4
121079501003021,1
121079503003061,2
121079513002152,5
121079503001234,2
121079503001131,2
121079514021095,5
121079505003015,2
121079511004004,3
121079503001183,2
121079507003001,4
121079501001015,1
121079512001031,3
121079502021002,1
121079514021048,5
121079502011010,1
121079513002031,5
121079507002028,4
121079502011077,1
121079506003064,4
121079502021003,1
121079502011006,1
121079503001211,2
121079505002080,2
121079501001026,1
121079501003029,1
121079502013047,1
121079501003049,1
121079507003000,4
121079507001078,4
121079507002043,4
121079505004041,2
121079512003056,3
121079505001010,5
121079503002032,2
121079503003132,2
121079501003010,1
121079502012106,1
121079502014014,1
121079502012102,1
121079512004056,3
121079505001003,5
121079508004007,4
121079503003071,2
121079505002011,2
121079513002028,5
121079503001075,2
121079503004061,2
121079503001087,2
121079510003008,3
121079503003129,2
121079513002149,5
121079502012005,1
121079509001010,4
121079501003001,1
121079513002025,5
121079502022040,1
121079501003054,1
121079503001239,2
121079511004001,3
121079512001054,3
121079514012007,5
121079503001100,2
121079505001036,3
121079512004068,3
121079512004065,3
121079505001047,5
121079507002030,4
121079505004046,2
121079503001218,2
121079509001037,4
121079502011016,1
121079502013216,1
121079502012049,1
121079502013164,1
121079505004096,2
121079505002020,2
121079513002122,5
121079502011005,1
121079514021015,5
121079503004033,2
121079506001016,3
121079502013105,1
121079508001038,3
121079508001021,4
121079504002002,2
121079505002084,2
121079513002035,5
121079507001068,4
121079509005000,3
121079514013045,5
121079507001089,4
121079506001006,3
121079503002007,2
121079507001080,4
121079501003048,1
121079503001148,2
121079514023000,5
121079513001088,5
121079509006011,4
121079502022001,1
121079502021008,1
121079506002012,3
121079513002154,5
121079513002112,5
121079502014067,1
121079513002012,5
121079503001121,2
121079512002023,5
121079503001124,2
121079513002004,5
121079503003001,2
121079504002031,2
121079505003016,2
121079512005026,5
121079501002013,1
121079501001041,1
121079504002007,2
121079507001049,4
121079504001005,2
121079505004099,2
121079503001193,2
121079502011022,1
121079503002062,2
121079503001023,2
121079502013261,1
121079506002025,3
121079509001009,4
121079511004010,3
121079502011029,1
121079514011021,5
121079502022117,1
121079507002027,4
121079502012138,1
121079507004030,4
121079512003064,3
121079512003074,3
121079511003011,3
121079507001030,4
121079503002035,2
121079502013188,1
121079508001023,4
121079506002018,3
121079513001068,5
121079514022004,5
121079506003018,4
121079507002002,4
121079512004081,3
121079514013032,5
121079511004020,3
121079507002026,4
121079512003012,3
121079512004053,3
121079502013128,1
121079506003052,4
121079505001068,5
121079505002099,2
121079503001200,2
121079503001207,2
121079502012156,1
121079505002069,2
121079505002047,2
121079505002022,2
121079505002018,2
121079503001011,2
121079507004032,4
121079513002155,5
121079511003014,3
121079503002027,2
121079507004036,4
121079513001067,5
121079509002002,4
121079505004090,2
121079502012142,1
121079502012050,1
121079514011027,5
121079502012013,1
121079502012139,1
121079503003018,2
121079505001037,3
121079505004105,2
121079513001073,5
121079514011062,5
121079502022090,1
121079502013284,1
121079502014059,1
121079507002051,4
121079514022019,5
121079505004000,2
121079512001013,3
121079502013007,1
121079506003086,4
121079507002037,4
121079503001232,2
121079513002117,5
121079513002078,5
121079502013170,1
121079503001030,2
121079502013221,1
121079503002006,2
121079502014077,1
121079509001000,3
121079503004007,2
121079512005027,5
121079512001049,3
121079512003075,3
121079502013063,1
121079513001029,5
121079514013034,5
121079508002010,4
121079508004029,4
121079512004089,3
121079512004031,3
121079509002003,4
121079502014055,2
121079505004089,2
121079514021001,5
121079510003004,3
121079507001076,4
121079505004069,2
121079503003108,2
121079502022004,1
121079509006020,4
121079509002001,4
121079507001003,1
121079511001007,3
121079510002019,3
121079506002039,3
121079514023001,5
121079506003079,3
121079507004002,4
121079506003083,4
121079503003091,2
121079503003095,2
121079503003054,2
121079502021022,1
121079506002026,3
121079512002031,5
121079511003037,3
121079513002030,5
121079502014026,2
121079505004068,2
121079513001017,5
121079512004061,3
121079503004034,2
121079507003010,4
121079514011025,5
121079505004007,2
121079505003005,2
121079514023003,5
121079512005002,5
121079512005008,5
121079502013270,1
121079511003029,3
121079510003049,3
121079502012032,1
121079502013171,1
121079513002163,5
121079512003021,3
121079507002073,4
121079502021020,1
121079508004030,4
121079506002019,3
121079501002008,1
121079505002003,2
121079502013004,1
121079502013072,1
121079510001013,1
121079508001004,4
121079507001081,4
121079505002075,2
121079514011047,5
121079503004029,2
121079505001031,5
121079509004004,3
121079506001011,3
121079502013278,1
121079503002000,1
121079512001047,3
121079503003142,2
121079509006024,4
121079504001029,2
121079513002014,5
121079509004014,4
121079503003068,2
121079503001160,2
121079503001203,2
121079508002043,4
121079502012146,2
121079513002120,5
121079507002007,4
121079507001064,4
121079511002042,3
121079503003148,2
121079502011067,1
121079502012006,1
121079503001084,2
121079503001113,2
121079513002064,5
121079506003089,1
121079514011032,5
121079501002025,1
121079502022025,1
121079508001009,4
121079513001021,5
121079514013056,5
121079502013013,1
121079505004043,2
121079505004058,2
121079504001031,2
121079508003000,3
121079508004032,4
121079509006000,4
121079514022011,5
121079503002033,2
121079502013180,1
121079502013256,1
121079505003025,2
121079507003019,4
121079507002005,4
121079514021056,5
121079510001007,1
121079512003079,3
121079512004079,3
121079502013093,1
121079508002042,4
121079512003049,3
121079502013129,1
121079508001005,4
121079507002009,4
121079505004110,2
121079514013079,5
121079512004055,3
121079503002057,2
121079506003082,1
121079512003020,3
121079507001097,4
121079503003070,2
121079512001036,3
121079502012061,1
121079505003053,2
121079501001039,1
121079507002011,4
121079502011043,2
121079505002049,2
121079503002031,2
121079509002024,4
121079503001198,2
121079510001017,1
121079513002019,5
121079502013140,1
121079509006004,4
121079503001101,2
121079502022074,1
121079514023042,5
121079513002151,5
121079503001078,2
121079503001135,2
121079513002159,5
121079501001007,1
121079505003029,2
121079514023022,5
121079502022092,1
121079502014040,2
121079502021011,1
121079503003179,2
121079503001213,2
121079514022037,5
121079510003046,3
121079505004016,2
121079502021027,1
121079504002018,2
121079512003065,3
121079502014009,1
121079502014012,1
121079503003159,2
121079513002136,5
121079503001015,2
121079513001056,5
121079506003026,1
121079506002031,1
121079512005020,5
121079514013009,5
121079510002023,3
121079503001139,2
121079514011066,5
121079512004038,3
121079512001050,3
121079502013119,1
121079502013116,1
121079502013181,1
121079503003088,2
121079501003046,1
121079502022132,1
121079509005014,3
121079502013218,1
121079514013043,5
121079512003028,3
121079503001083,2
121079514013069,5
121079503003058,2
121079513002160,5
121079513001038,5
121079513002095,5
121079502011042,1
121079507001066,4
121079502012163,1
121079511003001,3
121079502022050,1
121079502022033,1
121079503003176,2
121079502011040,1
121079503004028,2
121079513001079,5
121079511004025,3
121079503001050,2
121079502012130,1
121079502012090,1
121079502012081,1
121079513002130,5
121079507001039,4
121079502014018,1
121079507001014,4
121079501002005,1
121079501003027,1
121079513002085,5
121079514023036,5
121079502022091,1
121079505002008,2
121079503001118,2
121079510003047,3
121079502021000,1
121079501001023,1
121079503002060,2
121079507003011,4
121079502013003,1
121079505001002,5
121079502012052,1
121079502012036,1
121079502013156,1
121079502013271,1
121079513002124,5
121079502022011,1
121079506003069,1
121079513002062,5
121079502012132,1
121079508001028,4
121079501001027,1
121079502011074,1
121079512004018,3
121079502013186,1
121079507003006,4
121079501003057,1
121079502014058,1
121079509002025,4
121079514013061,5
121079514011028,5
121079506003005,4
121079502022103,1
121079505002068,2
121079505002056,2
121079514011063,5
121079512002003,5
121079504002013,2
121079509001039,4
121079509003017,4
121079502011068,1
121079512001053,3
121079512003080,3
121079506003041,4
121079503003069,2
121079505002023,2
121079504002001,2
121079505001070,5
121079505002093,2
121079502013039,1
121079504002025,2
121079503001070,2
121079505002033,2
121079507002056,4
121079504001002,2
121079503001222,2
121079506002030,1
121079512002014,5
121079512005031,5
121079513001053,5
121079505003002,2
121079510001048,3
121079505004014,2
121079508004008,4
121079514013018,5
121079514013001,5
121079503001037,2
121079503002015,2
121079503003153,2
121079513001072,5
121079505002072,2
121079503004049,2
121079502013168,1
121079502013158,1
121079508004024,4
121079514023015,5
121079503003072,2
121079502013193,1
121079512003069,3
121079514022010,5
121079502013132,1
121079502022123,1
121079512004075,3
121079514012005,5
121079506002010,4
121079512001041,3
121079509005011,4
121079502022063,1
121079508004036,4
121079502012092,1
121079502013287,1
121079510003020,3
121079503001145,2
121079502022057,1
121079513001004,5
121079507002012,4
121079505001078,5
121079513001064,5
121079514022036,5
121079502021031,1
121079509001033,4
121079506003043,4
121079502022056,1
121079503001195,2
121079507004011,4
121079502022077,1
121079510002004,1
121079502012014,1
121079502014028,2
121079502014020,2
121079502012108,1
121079503004014,2
121079501003044,1
121079502022104,1
121079503004005,2
121079514022015,5
121079503003007,2
121079507001036,4
121079505004059,2
121079508002047,4
121079507004045,4
121079502013167,1
121079501003055,1
121079513002138,5
121079502013115,1
121079514021049,5
121079502013160,1
121079502011079,1
121079503004052,2
121079504001011,2
121079502011032,1
121079502013252,1
121079513002110,5
121079503003065,2
121079512001025,3
121079502012162,1
121079503001197,2
121079514022030,5
121079509003023,4
121079509006007,4
121079506003067,1
121079512003067,3
121079502013041,1
121079502013008,1
121079514013058,5
121079507001056,4
121079507001063,4
121079506002005,3
121079509004015,4
121079509005012,3
121079503002050,2
121079502012100,1
121079503003009,2
121079509006008,4
121079502013281,1
121079505001066,5
121079503003017,2
121079503003133,2
121079502014010,1
121079507001023,4
121079503001205,2
121079505002087,2
121079503003045,2
121079506002027,3
121079511004008,3
121079510002011,1
121079501003011,1
121079509005007,3
121079506002024,3
121079502013194,1
121079504002000,2
121079514011018,5
121079512002007,5
121079511001003,3
121079503002064,2
121079502014066,1
121079502014031,1
121079512002010,5
121079502022080,1
121079502011065,1
121079513002079,5
121079502022138,1
121079505002000,1
121079502012083,1
121079510003018,3
121079514021087,5
121079508002045,4
121079501003030,1
121079503001209,2
121079502013022,1
121079505004064,2
121079503002056,2
121079502022041,1
121079503001014,2
121079514011035,5
121079507003022,4
121079508001029,4
121079502012027,1
121079502012087,1
121079503001047,2
121079503003150,2
121079505001061,5
121079503001138,2
121079502012077,1
121079502013212,1
121079506003003,4
121079504001016,2
121079512005024,5
121079503001026,2
121079502022122,1
121079504001007,2
121079502013124,1
121079508002002,4
121079514013072,5
121079506001008,3
121079503004040,2
121079512003013,3
121079507001022,4
121079508001011,4
121079502013067,1
121079503003008,2
121079503001146,2
121079502011056,2
121079503001149,2
121079503003041,2
121079505002042,2
121079507004035,4
121079513002097,5
121079511003009,3
121079513002129,5
121079502011030,1
121079502012117,1
121079502014044,2
121079511001002,3
121079501003003,1
121079503003186,2
121079506003065,4
121079502012003,1
121079508004009,4
121079508001033,4
121079512003001,3
121079513002054,5
121079503001012,2
121079505004010,2
121079512004034,3
121079502013232,1
121079508002000,4
121079504001024,2
121079502013179,1
121079510003036,3
121079505001040,3
121079512003038,3
121079512003078,3
121079507004052,4
121079502021019,1
121079513002128,5
121079506002001,4
121079501002030,1
121079510002009,3
121079505004131,2
121079505004028,2
121079512004042,3
121079512001042,3
121079512004078,3
121079506001015,3
121079505001041,5
121079502022097,1
121079502013145,1
121079502022084,1
121079501002011,1
121079502012060,1
121079502021007,1
121079512004022,3
121079513001028,5
121079509004000,4
121079505004092,2
121079513001011,5
121079514021038,5
121079505004124,2
121079507001017,4
121079514021079,5
121079512001008,3
121079505001079,5
121079502022027,1
121079509001022,4
121079513001078,5
121079504002016,2
121079502022085,1
121079502012137,1
121079502012129,1
121079502012144,1
121079502014015,1
121079502012054,1
121079503001168,2
121079503001233,2
121079513002161,5
121079505002007,2
121079510001023,3
121079513002033,5
121079502022010,1
121079502013217,1
121079502013065,1
121079503003201,2
121079510002013,1
121079503001180,2
121079501003005,1
121079505004031,2
121079513002090,5
121079507004014,4
121079509001007,4
121079509002030,4
121079505003006,2
121079502014063,1
121079502013250,1
121079510003035,3
121079512001002,3
121079508003032,3
121079514021028,5
121079502013019,1
121079514013026,5
121079502011021,1
121079503001196,2
121079505002002,1
121079514022023,5
121079512002027,5
121079514013042,5
121079502013037,1
121079502013244,1
121079502013254,1
121079501003052,1
121079507004006,4
121079508002053,4
121079514022003,5
121079508002040,4
121079501001037,1
121079511004012,3
121079514013071,5
121079514011036,5
121079513002021,5
121079503004035,2
121079505002038,2
121079502012103,1
121079502012113,1
121079514021010,5
121079512001057,3
121079505004071,2
121079512005007,5
121079505003046,2
121079514013038,5
121079505002026,2
121079505001086,1
121079505002013,2
121079505002094,2
121079503003161,2
121079512004088,3
121079502022058,1
121079503003138,2
121079510001025,3
121079513001040,5
121079502014070,1
121079507004021,4
121079503001153,2
121079506003084,4
121079512002034,5
121079510001006,1
121079502012031,1
121079511001021,3
121079503003074,2
121079502022017,1
121079510002024,3
121079503002029,2
121079505003036,2
121079512004083,3
121079505001009,3
121079513002032,5
121079502014007,1
121079506003032,4
121079513002126,5
121079514022042,5
121079502013023,1
121079502013120,1
121079506003056,4
121079508001019,4
121079502012122,1
121079501002029,1
121079512002019,5
121079507001006,1
121079503002028,2
121079502012093,1
121079513001002,5
121079502022000,1
121079504001025,2
121079503001088,2
121079507001096,4
121079502012069,1
121079502013077,1
121079505002031,2
121079510003007,3
121079505004103,2
121079503003048,2
121079509002020,4
121079512001064,3
121079501002000,1
121079503003064,2
121079512004005,3
121079503003173,2
121079513001082,5
121079501001019,1
121079503001104,2
121079503001221,2
121079503001086,2
121079503001079,2
121079509006005,4
121079509001015,4
121079502012016,1
121079505002079,2
121079513001005,5
121079502022089,1
121079502013285,1
121079512003061,3
121079503003184,2
121079503003203,2
121079501001006,1
121079510002005,1
121079502013276,1
121079503003116,2
121079510002018,3
121079502022115,1
121079508004043,4
121079508003035,4
121079507002066,4
121079514023035,5
121079512001044,3
121079512003029,3
121079502013137,1
121079507001034,4
121079507002076,4
121079508001014,4
121079508002004,4
121079514011000,3
121079508002007,4
121079513002077,5
121079503001002,2
121079505003039,2
121079502014041,2
121079512002025,5
121079513002121,5
121079502021018,1
121079502012057,1
121079503003016,2
121079505002054,2
121079505002071,2
121079504002020,2
121079501003053,1
121079503002037,2
121079502022141,1
121079503003122,2
121079510002017,3
121079501003008,1
121079513002011,5
121079502013017,1
121079514012003,5
121079502014078,2
121079509002023,4
121079507002065,4
121079507002050,4
121079509001005,4
121079503001126,2
121079505004082,2
121079512004039,3
121079514011058,5
121079501002002,1
121079513002042,5
121079513002038,5
121079502022100,1
121079502022121,1
121079510003005,3
121079511002020,3
121079502013107,1
121079501003032,1
121079501001001,1
121079508004010,4
121079502014030,1
121079509004002,4
121079513002125,5
121079512001004,3
121079502011017,1
121079513002103,5
121079503004019,2
121079507003007,4
121079502014006,1
121079502013069,1
121079508001010,4
121079507002017,4
121079502013033,1
121079509006003,4
121079508002018,4
121079514023034,5
121079503004043,2
121079509004016,4
121079508004053,4
121079505002005,2
121079502022112,1
121079502022111,1
121079505001007,5
121079512003025,3
121079501001017,1
121079502013182,1
121079502013147,1
121079503003047,2
121079502012145,1
121079513002133,5
121079509001012,4
121079508004056,3
121079503001171,2
121079502012164,1
121079509002010,4
121079507001015,4
121079502012135,1
121079502012004,1
121079509006018,4
121079503001224,2
121079503001223,2
121079509003018,4
121079503003196,2
121079513002102,5
121079510002010,3
121079502022128,1
121079503001018,2
121079503003149,2
121079502022048,1
121079512001058,3
121079503001068,2
121079505001057,5
121079502013152,1
121079502022043,1
121079503001045,2
121079507004039,4
121079513002017,5
121079506003015,4
121079507002040,4
121079505004021,2
121079505001046,3
121079514011003,5
121079509006012,4
121079502013172,1
121079502013028,1
121079502013112,1
121079507001004,1
121079505001023,5
121079502022134,1
121079502022118,1
121079514013070,5
121079512004076,3
121079503003118,2
121079502012095,1
121079503001022,2
121079503001111,2
121079509006027,4
121079505002057,2
121079501001043,1
121079503001147,2
121079502012058,1
121079514021032,5
121079514012011,5
121079503003206,2
121079505001021,5
121079503004031,2
121079502012167,1
121079503003137,2
121079503003057,2
121079507001009,1
121079513001075,5
121079502014048,1
121079509006021,4
121079509004006,4
121079509001004,4
121079503004054,2
121079505001011,1
121079510001005,1
121079514011005,5
121079513002047,5
121079513001049,5
121079513001054,5
121079502012152,1
121079502013280,1
121079505001067,5
121079502022049,1
121079511002010,3
121079507004000,4
121079512003076,3
121079514021009,5
121079511003008,3
121079505001005,5
121079507002085,4
121079509006010,4
121079507002052,4
121079502012066,1
121079506003048,4
121079513002049,5
121079512003035,3
121079509005020,3
121079503002052,2
121079503003077,2
121079514022031,5
121079502013006,1
121079506003075,1
121079512001023,3
121079502013113,1
121079508003010,3
121079507001037,4
121079509006001,4
121079514021074,5
121079513001066,5
121079509005002,3
121079514013077,5
121079508002009,4
121079509005013,3
121079514013076,5
121079512001012,3
121079509004011,4
121079509004018,4
121079502022124,1
121079502022020,1
121079510003011,3
121079513002076,5
121079512001030,3
121079505001052,5
121079508004047,4
121079512005009,5
121079502014056,2
121079502012121,1
121079513001026,5
121079508002024,4
121079503003170,2
121079502011066,1
121079514023009,5
121079511002040,3
121079505001025,5
121079502022067,1
121079503001194,2
121079503003198,2
121079510002006,1
121079509001030,4
121079512002028,5
121079511003018,3
121079502012034,1
121079502012017,1
121079503003004,2
121079506003025,4
121079501001018,1
121079502022035,1
121079510001027,1
121079508002044,4
121079508004023,4
121079512005012,5
121079503003082,2
121079511002022,3
121079514022006,5
121079512003030,3
121079503001069,2
121079514013078,5
121079501003026,1
121079511002003,3
121079503001105,2
121079503001029,2
121079502021010,1
121079502013211,1
121079502013255,1
121079511004006,3
121079508003017,4
121079508004019,4
121079503004037,2
121079502013200,1
121079502013035,1
121079501001008,1
121079512003053,3
121079505001032,5
121079507001102,4
121079507002031,4
121079502022039,1
121079508004026,4
121079508001032,4
121079508002032,4
121079508002011,4
121079512001001,3
121079514013065,5
121079514013021,5
121079503002055,2
121079502012019,1
121079511002008,3
121079503001152,2
121079503001206,2
121079503003190,2
121079503002045,2
121079502013108,1
121079502013111,1
121079514021026,5
121079514011065,5
121079512003023,3
121079505002061,2
121079503001141,2
121079506001020,5
121079505002034,2
121079506003028,4
121079503003026,2
121079503003126,2
121079509003024,4
121079506003004,4
121079501002031,1
121079505003028,2
121079513002081,5
121079511002004,3
121079509003005,4
121079505001026,5
121079501003006,1
121079507001020,4
121079512005022,5
121079514022005,5
121079514023021,5
121079510003041,3
121079514021058,5
121079512003006,3
121079514022014,5
121079514022022,5
121079502013099,1
121079512004080,3
121079505004022,2
121079503002053,2
121079512004059,3
121079506003049,4
121079511001005,3
121079512004064,3
121079510001003,1
121079503001184,2
121079512003058,3
121079503004051,2
121079512003077,3
121079505004080,2
121079503003162,2
121079514021045,5
121079505004084,2
121079509004008,4
121079514013073,5
121079502022114,1
121079502011059,1
121079513001048,5
121079514022028,5
121079502013161,1
121079508004055,3
121079512004046,3
121079502013091,1
121079502013070,1
121079501002028,1
121079508002025,4
121079502011031,1
121079508002028,4
121079506003078,1
121079514011026,5
121079514012017,5
121079509004010,4
121079505003052,2
121079508001039,4
121079505001064,5
121079506003037,4
121079510001011,1
121079510001019,1
121079503004044,2
121079505001042,5
121079502014060,1
121079508002035,4
121079512004028,3
121079514013040,5
121079513001087,5
121079513002150,5
121079503001227,2
121079512004087,3
121079505002030,2
121079503003105,2
121079503003171,2
121079505001075,5
121079503003207,2
121079510001010,1
121079502012002,1
121079513002013,5
121079509006023,4
121079509002004,4
121079503001120,1
121079503001220,2
121079503001107,2
121079502012141,1
121079509003021,4
121079513002063,5
121079502022054,1
121079501003002,1
121079514022000,5
121079503001174,2
121079503001189,2
121079512003005,3
121079512003046,3
121079505004062,2
121079505003042,2
121079505004130,2
121079507004041,4
121079514013055,5
121079510003026,3
121079503001236,2
121079503003177,2
121079504001004,2
121079502013169,1
121079502013210,1
121079502013251,1
121079502011035,1
121079502013290,1
121079507001033,4
121079512001028,3
121079507003026,4
121079508003006,3
121079503001225,2
121079509006016,4
121079511001016,3
121079506003007,4
121079503003166,2
121079502013134,1
121079507003013,4
121079502013061,1
121079508004027,4
121079502022022,1
121079510002007,1
121079501003056,1
121079505003024,2
121079505002009,2
121079512001065,3
121079512004072,3
121079506001010,3
121079505003033,2
121079501003028,1
121079507001092,4
121079502012124,1
121079506003035,4
121079508002038,4
121079503002034,2
121079512005017,5
121079514021094,5
121079514011013,5
121079514021051,5
121079502013220,1
121079505001029,5
121079503001208,2
121079511003023,3
121079511002036,3
121079501002036,1
121079514011056,5
121079502013058,1
121079511003007,3
121079503001076,2
121079510001045,3
121079513002108,5
121079505003034,2
121079512005013,5
121079513001009,5
121079512002001,5
121079513001069,5
121079502022137,1
121079511002000,3
121079507001031,4
121079514021066,5
121079514021071,5
121079503003131,2
121079512004036,3
121079503004023,2
121079501001047,1
121079505004122,2
121079505004015,2
121079507001019,4
121079501003037,1
121079502011060,2
121079505004093,2
121079507002013,4
121079510001018,1
121079503001173,2
121079505004003,2
121079503004017,2
121079502013163,1
121079502014004,1
121079503001035,2
121079503001006,2
121079505004006,2
121079511004011,3
121079506002032,3
121079502012136,1
121079508004020,4
121079505004116,2
121079511003033,3
121079512003000,3
121079502013080,1
121079502022003,1
121079510001004,1
121079510001002,1
121079505002091,2
121079503004013,2
121079512004047,3
121079503003086,2
121079501001049,1
121079509005009,3
121079505003049,2
121079502013166,1
121079503003098,2
121079505004017,2
121079503001140,2
121079502013103,1
121079514021029,5
121079510001024,3
121079503001201,2
121079512004014,3
121079502013187,1
121079505004078,2
121079507001024,4
121079504002008,2
121079510001039,3
121079503002022,2
121079509003013,4
121079509004005,4
121079506003001,1
121079513001000,5
121079514011057,5
121079502021029,5
121079507002055,4
121079512002021,5
121079502012160,1
121079505004083,2
121079505004118,2
121079505004108,2
121079508001034,4
121079514021081,5
121079503003204,2
121079502013001,1
121079505004120,2
121079501003058,1
121079508001020,4
121079514013059,5
121079510002012,3
121079503001134,2
121079503003197,2
121079507002000,4
121079502021001,1
121079513001050,5
121079514021004,5
121079502011057,2
121079503001004,2
121079505003040,2
121079503002049,2
121079502012150,1
121079501002034,1
121079513001051,5
121079511002001,3
121079508004022,3
121079505003057,2
121079502011072,1
121079507001101,4
121079505002104,2
121079514023020,5
121079512003083,5
121079509002026,4
121079507002024,4
121079501002019,1
121079506001009,3
121079512005018,5
121079502022071,1
121079502014074,2
121079503001009,2
121079503003205,2
121079513002145,5
121079505004107,2
121079505003045,2
121079514013011,5
121079505004063,2
121079501002007,1
121079510002014,3
121079512001003,3
121079514021012,5
121079509004007,4
121079513001043,5
121079507002014,4
121079507002020,4
121079512004019,3
121079513001063,5
121079514013051,5
121079514023005,5
121079509003000,4
121079505001050,5
121079513002080,5
121079503003040,2
121079514022026,5
121079508001026,4
121079507003002,4
121079514021039,5
121079512002020,5
121079514013066,5
121079514013039,5
121079511002039,3
121079511003006,3
121079503004022,2
121079505004013,2
121079503001080,2
121079503001082,2
121079501003015,1
121079502013237,1
121079501003050,1
121079506003072,1
121079509003012,4
121079513002114,5
121079510001000,1
121079510003010,3
121079507004037,4
121079503003046,2
121079513002089,5
121079505002039,2
121079508001012,4
121079508003015,4
121079505004097,2
121079514021070,5
121079505002006,2
121079508002037,4
121079507001047,4
121079514013067,5
121079514022029,5
121079503004048,2
121079509004017,4
121079505001045,5
121079514013024,5
121079502021023,1
121079508003021,3
121079507004020,4
121079509001035,4
121079514021075,5
121079514013048,5
121079503003080,2
121079503003023,2
121079503003097,2
121079502014034,2
121079505002015,2
121079503003154,2
121079512003015,3
121079503001106,2
121079513002001,5
121079506003076,1
121079502012022,1
121079505002081,2
121079511001013,3
121079505001053,5
121079510002003,3
121079514011046,5
121079503003191,2
121079510003044,3
121079507004046,4
121079505004119,2
121079509005008,3
121079501001025,1
121079501001042,1
121079505004026,2
121079512004067,3
121079510003002,3
121079507002086,4
121079511001009,3
121079501001000,1
121079505001016,5
121079505001056,5
121079503004030,2
121079502011027,1
121079513002105,5
121079513002157,5
121079514023041,5
121079512001006,3
121079502013051,1
121079502013027,1
121079502013085,1
121079514011067,5
121079502011076,1
121079512004030,3
121079508002029,4
121079508001001,3
121079510003031,3
121079507002046,4
121079508002031,4
121079502014029,2
121079503004002,2
121079512004035,3
121079502012021,1
121079503001238,2
121079513001008,5
121079501001044,1
121079503001001,2
121079506002017,3
121079514021083,5
121079503001165,2
121079513002083,5
121079509001006,4
121079503001039,2
121079507002033,4
121079501002026,1
121079513002009,3
121079506002009,4
121079512001055,3
121079502012128,1
121079507004051,4
121079502012038,1
121079514011016,5
121079501003020,1
121079502022096,1
121079514011012,5
121079502014036,2
121079510003042,3
121079514022035,5
121079503001166,2
121079505004023,2
121079514012002,5
121079505004101,2
121079508004006,4
121079505004087,2
121079514022001,5
121079503001170,2
121079502022101,1
121079513002048,5
121079514023011,5
121079513002007,3
121079507002003,4
121079502022127,1
121079507001038,4
121079512005015,5
121079502013143,1
121079512003014,3
121079512003052,3
121079502022119,1
121079514013035,5
121079514013004,5
121079513002156,5
121079509004013,4
121079505003032,2
121079501003039,1
121079514021036,5
121079508003002,3
121079511002007,3
121079509006013,4
121079512004000,3
121079514022039,5
121079514021037,5
121079514021047,5
121079512004037,3
121079503001157,2
121079503001156,2
121079503003169,2
121079513002109,5
121079513002075,5
121079512003062,3
121079512004082,3
121079502022142,1
121079503003103,2
121079512004023,3
121079506002035,3
121079513002113,5
121079505003000,2
121079511001014,3
121079504002005,2
121079503001059,2
121079503001063,2
121079510003012,3
121079502012011,1
121079503001095,2
121079503003090,2
121079503003076,2
121079502014057,1
121079505002001,1
121079512002011,5
121079505001076,5
121079501001016,1
121079505003056,2
121079502012104,1
121079503001214,2
121079505002027,2
121079507001094,4
121079507001100,4
121079507001103,4
121079512003018,3
121079510001040,3
121079503001056,2
121079503002001,2
121079505004039,2
121079504001014,2
121079502013286,1
121079507001088,4
121079502013087,1
121079514013003,5
121079501002023,1
121079505002101,2
121079502013275,1
121079502012063,1
121079502013199,1
121079508003003,4
121079513002002,5
121079511003012,3
121079502011024,1
121079502013184,1
121079502014039,2
121079514012004,5
121079505001065,5
121079506003055,4
121079503003143,2
121079510001033,3
121079511002026,3
121079512005010,5
121079512003022,3
121079512004043,3
121079504001026,2
121079504001017,2
121079514021017,5
121079514021016,5
121079513001010,5
121079502014002,1
121079505002086,2
121079501002035,1
121079503001186,2
121079503003075,2
121079507001065,4
121079511003004,3
121079512004007,3
121079503004000,2
121079503003167,2
121079511004016,3
121079503001048,2
121079503001049,2
121079502012042,1
121079514023007,5
121079510001036,3
121079502012109,1
121079502022093,1
121079509006014,4
121079501003017,1
121079511002038,3
121079510003048,3
121079508001031,4
121079508001027,4
121079514022043,5
121079512004066,3
121079505004065,2
121079507002064,4
121079505004002,2
121079514021059,5
121079511004013,3
121079503001102,2
121079502013165,1
121079502013231,1
121079502013159,1
121079513001015,5
121079503004036,2
121079502013208,1
121079502014017,2
121079508003029,4
121079503003175,2
121079507004017,4
121079503003187,2
121079502022129,1
121079502012074,1
121079502013042,1
121079502013106,1
121079502013127,1
121079502011071,1
121079508004014,4
121079505004091,2
121079512005011,5
121079514013020,5
121079502021021,1
121079507001045,4
121079505002040,2
121079506003050,4
121079505001059,5
121079506001004,3
121079501003018,1
121079507003004,4
121079512004003,3
121079511003024,3
121079505004114,2
121079513002119,5
121079514023026,5
121079503003130,2
121079506003040,4
121079513002027,5
121079510002020,3
121079505002088,2
121079509002008,4
121079508002058,4
121079507004023,4
121079502022068,1
121079505001000,5
121079505002077,2
121079509005001,3
121079503001052,2
121079503001060,2
121079506003060,4
121079513002148,5
121079509002011,4
121079503001129,2
121079502012140,1
121079505001048,5
121079501001020,1
121079502013222,1
121079510003029,3
121079505004088,2
121079505004034,2
121079514021091,5
121079514022017,5
121079502011069,1
121079505004102,2
121079503003003,2
121079509005004,3
121079508003012,3
121079502013242,1
121079503001032,2
121079503001199,2
121079510001021,3
121079509002029,4
121079502012075,1
121079502013224,1
121079502011053,1
121079514013047,5
121079514021096,5
121079503001119,1
121079511002017,3
121079503001058,2
121079508004037,4
121079508004049,4
121079503002038,2
121079502012025,1
121079502021033,1
121079512003039,3
121079511002019,3
121079502012015,1
121079502013226,1
121079511002014,3
121079508002036,4
121079502013097,1
121079506002028,3
121079507002063,4
121079513002070,5
121079508002046,4
121079505001027,5
121079502021025,1
121079506001021,3
121079514013025,5
121079514011052,5
121079514013013,5
121079509002022,4
121079508003028,4
121079502012024,1
121079502012020,1
121079503003182,2
121079514011031,5
121079514022012,5
121079502013268,1
121079514013057,5
121079514012013,5
121079513002055,5
121079505001006,5
121079503003056,2
121079503003055,2
121079511002031,3
121079511002009,3
121079503003059,2
121079509002009,4
121079501002027,1
121079511004019,3
121079502014016,1
121079512002018,5
121079507004033,4
121079502012114,1
121079512002012,5
121079502022014,1
121079502022098,1
121079514011041,5
121079513002053,5
121079514023002,5
121079503004008,2
121079507004018,4
121079514021067,5
121079512001051,3
121079505004008,2
121079506003087,4
121079502021004,1
121079502013245,1
121079511002015,3
121079512002024,5
121079508001017,4
121079502013227,1
121079503003010,2
121079508003004,3
121079502013081,1
121079514021033,5
121079513001024,5
121079503003163,2
121079501001048,1
121079507001008,1
121079502022108,1
121079502022053,1
121079505002066,2
121079514013053,5
121079505004047,2
121079502022052,1
121079501001009,1
121079503001017,2
121079502022125,1
121079503003104,2
121079514021035,5
121079503001164,2
121079502014049,2
121079503003035,2
121079502012085,1
121079513001081,5
121079513002037,5
121079513002093,5
121079512003045,3
121079506001022,5
121079503003125,2
121079509006025,4
121079511004017,3
121079511001008,3
121079504002029,2
121079506003008,4
121079509003001,4
121079509003014,4
121079509001016,4
121079503004055,2
121079513002065,5
121079513001016,5
121079502022095,1
121079502022140,1
121079502011012,1
121079507002080,4
121079512001032,3
121079514021084,5
121079506003023,4
121079509004003,4
121079512004011,3
121079503003188,2
121079511004022,3
121079503001000,2
121079502011003,1
121079506003031,4
121079512004006,3
121079502014069,1
121079508003009,3
121079508004034,4
121079507003017,4
121079503002013,2
121079514023032,5
121079512001062,3
121079502013029,1
121079502013279,1
121079502022037,1
121079508001025,4
121079501001002,1
121079508002034,4
121079507002004,4
121079514013019,5
121079514013028,5
121079507001041,4
121079503004038,2
121079505001030,5
121079503002004,2
121079507004055,4
121079514021053,5
121079512003081,3
121079511002032,3
121079502011025,1
121079505001008,5
121079502011037,1
121079514011002,5
121079514022041,5
121079501002039,1
121079507002075,4
121079508002051,4
121079503003024,2
121079503001167,2
121079502014042,2
121079502012154,1
121079503001216,2
121079504002015,2
121079507001082,4
121079501003022,1
121079513002066,5
121079511004023,3
121079511001001,3
121079503001072,2
121079503001092,2
121079502012078,1
121079513002144,5
121079503001130,2
121079502014032,1
121079513002010,5
121079503003185,2
121079510001047,3
121079510003038,3
121079506003016,4
121079503001237,2
121079514021040,5
121079503001019,2
121079502021024,5
121079501001021,1
121079504002012,2
121079514021052,5
121079514011009,5
121079502022030,1
121079513001032,5
121079502012064,1
121079502013157,1
121079503001027,2
121079508004033,4
121079509003007,4
121079505004033,2
121079505004057,2
121079502022106,1
121079507004044,4
121079506003024,1
121079506002020,3
121079508001000,3
121079511002037,3
121079507001007,1
121079501003014,1
121079505002083,2
121079508001008,4
121079514013030,5
121079514013050,5
121079505001060,5
121079502022088,1
121079511004014,3
121079508004044,3
121079507001061,4
121079505001084,5
121079508001016,4
121079502013272,1
121079512004049,3
121079512004048,3
121079512004004,3
121079503003079,2
121079503003032,2
121079505002067,2
121079502012159,1
121079505002092,2
121079510002000,3
121079514012000,5
121079503001016,2
121079512003019,3
121079513002147,5
121079507001083,4
121079511003003,3
121079502022036,1
121079503003123,2
121079502012153,1
121079507004053,4
121079513002153,5
121079506003094,4
121079506003017,4
121079509003019,4
121079502012118,1
121079509003027,4
121079512004025,3
121079505003021,2
121079514011019,5
121079513002040,5
121079510003027,3
121079508002057,4
121079512003043,3
121079514022018,5
121079501003043,1
121079505002100,2
121079507002081,4
121079503003165,2
121079512004001,3
121079502012134,1
121079508003008,3
121079508003027,4
121079505004128,2
121079513001046,5
121079508004057,4
121079509003006,4
121079505002098,2
121079509006032,4
121079513002069,5
121079508002027,4
121079505001062,5
121079510002008,3
121079512004013,3
121079506001001,3
121079505004126,2
121079508002016,4
121079502012026,1
121079504002027,2
121079503001053,2
121079502014003,1
121079503003036,2
121079503003135,2
121079501001005,1
121079503001175,2
121079505004121,2
121079503003073,2
121079503003043,2
121079507001058,4
121079510001015,1
121079502013126,1
121079514022016,5
121079502014035,2
121079502012040,1
121079507004010,4
121079505002073,2
121079510002022,3
121079503001073,2
121079502012037,1
121079504002030,2
121079511004021,3
121079501002040,1
121079502022081,1
121079514011008,5
121079503004064,2
121079502012110,1
121079505003001,2
121079514021044,5
121079508001036,3
121079512003041,3
121079514021085,5
121079511004000,3
121079511002030,3
121079503003028,2
121079511002025,3
121079513002043,5
121079513002036,5
121079503003031,2
121079509002015,4
121079504002022,2
121079502013141,1
121079502013197,1
121079502011047,1
121079505003023,2
121079507004007,4
121079505003027,2
121079508004039,4
121079507001001,1
121079509006002,4
121079505004032,2
121079514013063,5
121079514023012,5
121079503004039,2
121079508003036,3
121079507001040,4
121079506003061,4
121079508003014,4
121079505004076,2
121079512004008,3
121079507001091,4
121079508002021,4
121079507001043,4
121079514011048,5
121079512001043,3
121079506001005,3
121079508004031,4
121079511001019,3
121079512002029,5
121079512005005,5
121079513001027,5
121079502012076,1
121079513001012,5
121079512003047,3
121079507001104,4
121079503003178,2
121079503003052,2
121079504002006,2
121079503003115,2
121079502014050,2
121079513001059,5
121079513001058,5
121079509001029,4
121079505004012,2
121079503001064,2
121079502012101,1
121079502012089,1
121079502012012,1
121079502012048,1
121079502012120,1
121079511003036,3
121079511003017,3
121079510003015,3
121079513002045,5
121079502012043,1
121079503004011,2
121079508001015,4
121079508001018,3
121079514021089,5
121079507001012,1
121079512004084,3
121079513002056,5
121079508002052,4
121079506003029,4
121079506002006,3
121079512001009,3
121079514023023,5
121079507002015,4
121079514011017,5
121079502011078,1
121079504001015,2
121079502011055,1
121079505002062,2
121079509003009,4
121079504002004,2
121079503002012,2
121079503002008,2
121079510001034,3
121079513002115,5
121079513002106,5
121079505004056,2
121079513002052,5
121079502013149,1
121079511004027,3
121079502013054,1
121079502013079,1
121079502013010,1
121079502013030,1
121079502013114,1
121079510001009,3
121079507004022,4
121079502013192,1
121079508004017,4
121079505002097,2
121079502022015,1
121079507002010,4
121079514011004,5
121079509005021,4
121079514023013,5
121079512001038,3
121079512004016,3
121079503002018,2
121079509001021,4
121079502012051,1
121079502012084,1
121079509003004,4
121079503001204,2
121079502011033,1
121079514022002,5
121079507001011,1
121079502012010,1
121079505002095,2
121079502022055,1
121079501003023,1
121079503001187,2
121079513001084,5
121079507001000,1
121079507004016,4
121079502012112,1
121079514023033,5
121079503004021,2
121079513002046,5
121079502022032,1
121079502022139,1
121079510003025,3
121079503002019,2
121079505002060,2
121079507001086,4
121079514012015,5
121079514021057,5
121079514021061,5
121079503001098,2
121079502013096,1
121079512004069,3
121079501001033,1
121079505004113,2
121079508002055,4
121079502013000,1
121079502013183,1
121079503001177,2
121079501002022,1
121079505004019,2
121079504001006,2
121079502013213,1
121079507002029,4
121079502013235,1
121079508004021,4
121079508004050,4
121079503003038,2
121079510003043,3
121079512004041,3
121079502013139,1
121079512004032,3
121079506003090,1
121079507004009,4
121079501001013,1
121079508001007,4
121079508002003,4
121079507001077,4
121079506001019,5
121079514013002,5
121079503002025,2
121079505002089,2
121079503001137,2
121079502011046,1
121079513001013,5
121079507001051,4
121079503001031,2
121079503001155,2
121079503002024,2
121079503003062,2
121079503001127,2
121079511002041,3
121079505001077,5
121079503003172,2
121079507001050,4
121079513001060,5
121079502013109,1
121079507002032,4
121079511003030,3
121079512005001,5
121079507004008,4
121079513001041,5
121079506002034,3
121079502012111,1
121079505003037,2
121079512002009,5
121079513001052,5
121079511002028,3
121079514021093,5
121079503001117,2
121079512003051,3
121079512004070,3
121079510001016,1
121079505004018,2
121079502022069,1
121079501002014,1
121079502012079,1
121079503002048,2
121079502013260,1
121079506003021,4
121079503004004,2
121079503002026,2
121079503001090,2
121079508004035,4
121079508004046,4
121079503003101,2
121079503001159,2
121079514021022,5
121079514021008,5
121079502022005,1
121079503003174,2
121079513002094,5
121079512005004,5
121079503004024,2
121079502012000,1
121079502013059,1
121079505003044,2
121079502011007,1
121079514022007,5
121079508003011,3
121079512001010,3
121079505001044,3
121079505002051,2
121079502012046,1
121079504001013,2
121079509002005,4
121079502013151,1
121079507001090,4
121079505004066,2
121079510001014,1
121079511003042,3
121079509001036,4
121079503003013,2
121079513001022,5
121079509003026,4
121079513001080,5
121079507001059,4
121079507004015,4
121079503001226,2
121079505001080,3
121079505004098,2
121079514011064,5
121079506002022,1
121079502022008,1
121079505001020,1
121079502013283,1
121079502011054,2
121079512003009,3
121079505004070,2
121079506002004,3
121079502011070,1
121079511003027,3
121079511003021,3
121079502012096,1
121079508004011,4
121079502013048,1
121079503001217,2
121079505004037,2
121079503004006,2
121079514021018,5
121079502013288,1
121079503001038,2
121079509003003,4
121079502022116,1
121079503004060,2
121079502012094,1
121079505004052,2
121079511001012,3
121079502014025,2
121079502014027,2
121079503003067,2
121079502013135,1
121079513002008,3
121079502013034,1
121079507002034,4
121079506003062,4
121079507004050,4
121079508004016,4
121079503004056,2
121079503004026,2
121079513002073,5
121079507002058,4
121079514013007,5
121079510001031,3
121079514023014,5
121079506003047,4
121079503004018,2
121079507001042,4
121079503002003,2
121079512001045,3
121079506002002,4
121079514021064,5
121079514011050,5
121079514021005,5
121079502013265,1
121079502012147,1
121079502012009,1
121079509006006,4
121079502022019,1
121079503001192,2
121079511001004,3
121079503001061,2
121079502012097,1
121079513002018,5
121079501001022,1
121079510003030,3
121079510001043,3
121079514011020,5
121079511001015,3
121079503004020,2
121079508004005,4
121079508004003,4
121079512003048,3
121079512003026,3
121079503001005,2
121079501001035,1
121079501001040,1
121079503001210,2
121079505004030,2
121079511002023,3
121079506003070,1
121079505001043,3
121079508003025,4
121079503002040,2
121079503003117,2
121079510001008,1
121079514013000,5
121079502013195,1
121079511002002,3
121079503001089,2
121079507003005,4
121079508004038,4
121079507003016,4
121079503002014,2
121079505002074,2
121079505001035,5
121079505003035,2
121079513002058,5
121079502013136,1
121079502014001,1
121079502013122,1
121079511002018,3
121079514011034,5
121079507002045,4
121079509005005,3
121079503004003,2
121079505004004,2
121079502014076,2
121079502013263,1
121079514021080,5
121079514021020,5
121079508004012,4
121079512003050,3
121079502013267,1
121079507002041,4
121079505004115,2
121079507004001,4
121079501003045,1
121079510002001,3
121079502014047,2
121079503003158,2
121079512004010,3
121079503001114,2
121079504002010,2
121079502014068,1
121079510002025,3
121079509002018,4
121079509003015,4
121079507001010,1
121079507002042,4
121079514011030,5
121079511003015,3
121079513001045,5
121079502022006,1
121079505001085,1
121079505003014,2
121079512003032,3
121079514012012,5
121079514013029,5
121079506003027,4
121079503003034,2
121079503003033,2
121079503001230,2
121079509002016,4
121079505001054,3
121079502011019,1
121079502011034,1
121079503001028,2
121079507004042,4
121079507004005,4
121079510003014,3
121079505004061,2
121079503003119,2
121079514011049,5
121079507002022,4
121079501003031,1
121079503003066,2
121079514021069,5
121079512001061,3
121079502011009,1
121079508003013,4
121079507001048,4
121079505003011,2
121079502012170,1
121079514013041,5
121079503002041,2
121079503001172,2
121079514021006,5
121079512004071,3
121079503003081,2
121079503003107,2
121079505002043,2
121079506003081,1
121079506003074,4
121079507001057,4
121079507001067,4
121079502022028,1
121079506001017,3
121079509001027,4
121079514022009,5
121079503001051,2
121079502012131,1
121079502014079,2
121079503003089,2
121079503001128,2
121079502012107,1
121079505004050,2
121079504002021,2
121079501003041,1
121079505003008,2
121079513002137,5
121079503003015,2
121079505003004,2
121079508004004,4
121079512001024,3
121079502022102,1
121079503002005,2
121079507001035,4
121079512004024,3
121079503004027,2
121079513001061,5
121079503003063,2
121079512002033,5
121079513002096,5
121079514013027,5
121079502012071,1
121079503004057,2
121079502011052,1
121079503001020,2
121079507002008,4
121079512004009,3
121079509001002,4
121079514012001,5
121079503003181,2
121079508002017,4
121079505003003,2
121079506003000,1
121079503001136,2
121079511003010,3
121079503003140,2
121079507002018,4
121079506003019,4
121079502012039,1
121079507003014,4
121079512003068,3
121079502013269,1
121079514021068,5
121079511002024,3
121079513002024,5
121079507004024,4
121079514013016,5
121079503002046,2
121079508002023,4
121079502014033,2
121079502012047,1
121079508002041,4
121079508001003,4
121079514021097,5
121079505004001,2
121079503001169,2
121079505004106,2
121079503001044,2
121079514013033,5
121079510002015,3
121079501002032,1
121079503003021,2
121079502012001,1
121079502021028,1
121079503001062,2
121079502022016,1
121079502022082,1
121079505003009,2
121079513002034,5
121079503003025,2
121079502022094,1
121079502022133,1
121079510001044,3
121079514021013,5
121079514022024,5
121079502012056,1
121079505002065,2
121079508001030,4
121079512001059,3
121079514021092,5
121079513001031,5
121079503003020,2
121079503001099,2
121079509003025,4
121079503002011,2
121079503002021,2
121079505003050,2
121079503003146,2
121079502013262,1
121079502013259,1
121079502013264,1
121079511004007,3
121079503004046,2
121079514012008,5
121079513002006,5
121079512001035,3
121079512004021,3
121079512003054,3
121079502013101,1
121079507001095,4
121079510001012,1
121079507001098,4
121079514013075,5
121079514011044,5
121079509003022,4
121079505001028,5
121079514011042,5
121079502022007,1
121079502012151,1
121079502022031,1
121079502011049,1
121079513001076,5
121079514021019,5
121079514021002,5
121079514013064,5
121079503001065,2
121079503003053,2
121079503003144,2
121079505002053,2
121079502011026,1
121079511002033,3
121079502022024,1
121079511002016,3
121079509001024,4
121079511003022,3
121079511001010,3
121079503001219,2
121079502012053,1
121079502012115,1
121079503001110,2
121079503001229,2
121079503003093,2
121079509002007,4
121079506003071,1
121079513002060,5
121079512002013,5
121079503004063,2
121079502022026,1
121079502012119,1
121079503004009,2
121079513001023,5
121079513002158,5
121079505004053,2
121079502013253,1
121079509006015,4
121079509003010,4
121079502012098,1
121079513002041,5
121079512003027,3
121079512003071,3
121079502013044,1
121079502013062,1
121079502013258,1
121079501003009,1
121079502022062,1
121079508003016,4
121079508002049,4
121079508002019,4
121079507004012,4
121079512004017,3
121079505004060,2
121079502022018,1
121079502013203,1
121079503001161,2
121079503001215,2
121079508003005,3
121079502012072,1
121079514021021,5
121079514012019,5
121079513002132,5
121079503003092,2
121079507004049,4
121079505004085,2
121079504001008,2
121079509001040,4
121079512002015,5
121079505001039,5
121079501003012,1
121079503001096,2
121079512002000,3
121079505001082,5
121079505001087,2
121079510003016,3
121079511002013,3
121079512003055,3
121079503003109,2
121079502011000,1
121079512005025,5
121079505004020,2
121079509002014,4
121079503003012,2
121079502013057,1
121079502013073,1
121079503002047,2
121079503002054,2
121079505001033,5
121079502012065,1
121079502013155,1
121079502013236,1
121079513001083,5
121079503001003,2
121079513002116,5
121079506003009,4
121079507003020,4
121079502021015,1
121079505002050,2
121079507004047,4
121079502022002,1
121079512001060,3
121079507001028,4
121079512004051,3
121079509002019,4
121079501003033,1
121079502021016,1
121079510003039,3
121079502013078,1
121079503001074,2
121079503004059,2
121079514021023,5
121079502012055,1
121079503003168,2
121079505002052,2
121079513001039,5
121079507003024,4
121079510003021,3
121079512003082,3
121079502013020,1
121079507004040,4
121079503001067,2
121079503002044,2
121079502012099,1
121079502012080,1
121079507004025,4
121079509003008,4
121079502012023,1
121079501001029,1
121079501002012,1
121079501003036,1
121079513001018,5
121079502012035,1
121079510003033,3
121079510003019,3
121079505004027,2
121079505003041,2
121079507002083,4
121079514021031,5
121079503001008,2
121079501001046,1
121079505004040,2
121079510003040,3
121079512003008,3
121079507001069,4
121079502013215,1
121079512002030,5
121079509001038,4
121079502012073,1
121079502014005,1
121079507001032,4
121079507003023,4
121079508004040,4
121079507003027,4
121079508004051,4
121079502013071,1
121079502013082,1
121079502013083,1
121079507001026,4
121079513002068,5
121079508002033,4
121079511001006,3
121079514011038,5
121079503001188,2
121079512001029,3
121079501003035,1
121079506003054,4
121079502021005,1
121079503001085,2
121079503001034,2
121079506003077,1
121079512005000,3
121079505004127,2
121079513002072,5
121079503001162,2
121079503001202,2
121079503004053,2
121079507001099,4
121079502022065,1
121079503003155,2
121079514011061,5
121079505002041,2
121079502013005,1
121079502013050,1
121079502013074,1
121079510001029,3
121079507001044,4
121079506003011,4
121079502012123,1
121079502022034,1
121079514011011,5
121079503004001,2
121079512003016,3
121079514012018,5
121079512001021,3
121079501002009,1
121079505004054,2
121079505004044,2
121079506003088,3
121079503003094,2
121079512001052,3
121079503002061,2
121079502014000,1
121079502013233,1
121079508003022,4
121079507003018,4
121079508003030,4
121079506002008,4
121079503001181,2
121079507002001,4
121079513002082,5
121079502012086,1
121079503003042,2
121079502013092,1
121079502013247,1
121079502013102,1
121079505002078,2
121079505003059,2
121079514021090,5
121079514021078,5
121079506001003,3
121079512004085,3
121079512004044,3
121079509002028,4
121079512002004,5
121079507001046,4
121079514013010,5
121079506001012,3
121079503001024,2
121079502013190,1
121079502012082,1
121079501002004,1
121079502013014,1
121079505001015,5
121079512001037,3
121079503001133,2
121079502014046,2
121079503002043,2
121079503001021,2
121079506003039,4
121079502022059,1
121079501002037,1
121079502021006,1
121079511003005,3
121079502012161,1
121079502012127,1
121079502012168,1
121079506003066,1
121079502022087,1
121079510001030,3
121079513001055,5
121079507004026,4
121079507002070,4
121079513001019,5
121079507002079,4
121079505004100,2
121079505004045,2
121079509006017,4
121079502013191,1
121079505004024,2
121079502012059,1
121079502013248,1
121079505001055,5
121079503004058,2
121079507002057,4
121079508003007,3
121079508004042,3
121079508001002,4
121079501002016,1
121079502013018,1
121079508002020,4
121079502012044,1
121079503004062,2
121079502013130,1
121079512001034,3
121079502013026,1
121079502013095,1
121079511002027,3
121079506003006,4
121079505002076,2
121079505004077,2
121079506003034,4
121079507001072,4
121079514023017,5
121079514023038,5
121079513001070,5
121079505002090,2
121079502012030,1
121079506003091,1
121079508002015,4
121079503001112,2
121079506002023,3
121079508004045,4
121079502013273,1
121079514022040,5
121079502013277,1
121079503003087,2
121079502012149,1
121079513002086,5
121079513002016,5
121079507001085,4
121079509001028,4
121079509002012,4
121079513002029,5
121079514023028,5
121079507002021,4
121079502012041,1
121079502012088,2
121079506003012,4
121079502014083,2
121079505003007,2
121079503003192,2
121079510002002,1
121079505001072,5
121079501001030,1
121079503002042,2
121079513002051,5
121079509001031,4
121079509006026,4
121079509001003,4
121079507002067,4
121079503003194,2
121079513002135,5
121079514021086,5
121079502011062,2
121079502013289,1
121079514012009,5
121079508003031,4
121079507001075,4
121079511004002,3
121079513001034,5
121079501003040,1
121079502022120,1
121079511003013,3
121079513002146,5
121079508004013,4
121079508001022,4
121079513002074,5
121079507002061,4
121079514011033,5
121079508002001,4
121079514013044,5
121079503001125,2
121079503003083,2
121079502022038,1
121079506003013,4
121079503003049,2
121079509001041,3
121079514021000,5
121079502012070,1
121079513002067,5
121079505002017,2
121079507002039,4
121079511002034,3
121079502022064,1
121079503003128,2
121079513001057,5
121079513001020,5
121079509001026,4
121079509001032,4
121079502013098,1
121079502014065,1
121079502012133,1
121079502021012,1
121079510002016,3
121079503001154,2
121079502021009,1
121079502014045,2
121079514011015,5
121079507001018,4
121079513001037,5
121079513002162,5
121079513001014,5
121079514021034,5
121079511004018,3
121079503003085,2
121079512001018,3
121079501001038,1
121079505002064,2
121079504002019,2
121079512001019,3
121079506001018,5
121079509001008,4
121079507003009,4
121079509005006,3
121079502013173,1
121079502013153,1
121079512001026,3
121079502013207,1
121079509003020,4
121079514021041,5
121079502014019,2
121079505003038,2
121079505003019,2
121079503003051,2
121079512005028,5
121079502013201,1
121079502013024,1
121079512001063,3
121079512003073,3
121079512001007,3
121079507004043,4
121079502013055,1
121079502013121,1
121079502013150,1
121079501002010,1
121079508002048,4
121079508002005,4
121079514021007,5
121079514023018,5
121079502011063,1
121079502022105,1
121079514023031,5
121079505003055,2
121079508004015,4
121079508002064,4
121079506002015,3
121079514023039,5
121079509001019,4
121079502021026,1
121079507001054,4
121079511004003,3
121079513001062,5
121079512002026,5
121079503001108,2
121079502014081,2
121079502011020,1
121079513002098,5
121079512005021,5
121079507001005,1
121079501003047,1
121079513001036,5
121079501003024,1
121079502013032,1
121079503003199,2
121079505004072,2
121079507002044,4
121079512004058,3
121079512004062,3
121079501001003,1
121079505004055,2
121079505002063,2
121079505002058,2
121079502011058,2
121079512003031,3
121079502022051,1
121079507001027,4
121079511003040,3
121079502013177,1
121079506003059,4
121079514013068,5
121079512003040,3
121079504001027,2
121079502011014,1
121079505004094,2
121079514022033,5
121079503001151,2
121079502012143,1
121079514011068,5
121079502013117,1
121079512002008,5
121079510003003,3
121079503003100,2
121079502022012,1
121079508002062,4
121079507002019,4
121079509005017,4
121079510001041,3
121079514023040,5
121079503002066,2
121079501001036,1
121079505001024,5
121079514021054,5
121079503001042,2
121079505004129,2
121079513002044,5
121079513002084,5
121079513002061,5
121079503003189,2
121079512001022,3
121079503003112,2
121079502012067,1
121079502013084,1
121079513001025,5
121079508002013,4
121079502013009,1
121079502014023,2
121079505001069,5
121079513001086,5
121079503002023,2
121079512004033,3
121079502022023,1
121079502022021,1
121079505004049,2
121079508003038,3
121079502013118,1
121079514023025,5
121079511003025,3
121079502014062,1
121079502014071,1
121079507002072,4
121079502012126,1
121079510003022,3
121079505003043,2
121079509005003,3
121079513001001,5
121079511001020,3
121079505001013,3
121079513002141,5
121079502022009,1
121079512001033,3
121079510003028,3
121079502013204,1
121079512004060,3
121079504002011,2
121079502013234,1
121079503003157,2
121079508001024,4
121079512001017,3
121079503001116,2
121079502012029,1
121079502013176,1
121079502013240,1
121079512003036,3
121079509005018,4
121079508003019,4
121079514021046,5
121079514023019,5
121079502013225,1
121079512004073,3
121079514023008,5
121079506003085,4
121079508002050,4
121079514012016,5
121079502022131,1
121079507001055,4
121079506001013,3
121079512004090,3
121079512004029,3
121079503002036,2
121079503003096,2
121079502014043,2
121079502012148,1
121079502014061,1
121079502013238,1
121079505001014,5
121079501003042,1
121079503001109,2
121079509006028,4
121079502013219,1
121079514013062,5
121079503001185,2
121079505004111,2
121079503003111,2
121079510001020,1
121079503003160,2
121079503003141,2
121079506002011,3
121079505001058,5
121079502022066,1
121079502011002,1
121079509006022,4
121079503004050,2
121079502012169,1
121079511003039,3
121079502014082,2
121079502014013,1
121079510003009,3
121079513001033,5
121079503001212,2
121079514011053,5
121079514011037,5
121079512002005,5
121079513002092,5
121079511002011,3
121079511002029,3
121079512003059,3
121079513001030,5
121079501001032,1
121079502022045,1
121079508001006,3
121079507002071,4
121079505004086,2
121079505004048,2
121079511003016,3
121079502021014,1
121079504001018,2
121079514011039,5
121079509005015,4
121079502013214,1
121079514011051,5
121079502022099,1
121079511004015,3
121079502013015,1
121079505004074,2
121079513002005,5
121079503004012,2
121079502013076,1
121079502013089,1
121079507004027,4
121079514022038,5
121079514021076,5
121079507002059,4
121079506003045,4
121079512004045,3
121079514013015,5
121079503001122,1
121079505002096,2
121079502013198,1
121079503001066,2
121079502021017,1
121079505002028,2
121079506002000,4
121079502021030,1
121079502022083,1
121079509001034,4
121079512001027,3
121079502012171,1
121079504002028,2
121079502012033,1
121079513002107,5
121079502012008,1
121079506003020,1
121079506003022,4
121079509001020,4
121079504002009,2
121079511001011,3
121079502014072,2
121079503003195,2
121079510001046,3
121079505004123,2
121079506003014,4
121079513001089,5
121079513001071,5
121079510003013,3
121079502021034,5
121079512004063,3
121079506003038,4
121079501001034,1
121079505004112,2
121079509006033,4
121079504001012,2
121079506003010,4
121079507001021,4
121079503001025,2
121079502012068,1
121079512001016,3
121079502022113,1
121079503004041,2
121079502011061,2
121079503001091,2
121079508003033,3
121079506003051,4
121079503002030,2
121079514021077,5
121079514022021,5
121079510003032,3
121079514021088,5
121079502011039,1
121079501001045,1
121079502013053,1
121079502013011,1
121079509004001,4
121079505002059,2
121079509006030,4
121079507001073,4
121079504001000,2
121079512004086,3
121079505001063,5
121079505003020,2
121079508002006,4
121079501003013,1
121079505002014,2
121079507001029,4
121079509002031,4
121079503001094,2
121079507003021,4
121079503003019,2
121079505002021,2
121079513001042,5
121079503001040,2
121079503001057,2
121079506003002,4
121079507001087,4
121079511002035,3
121079503003102,2
121079507001002,1
121079505002010,2
121079505001001,5
121079509006031,4
121079502022073,1
121079502012028,1
121079510001037,3
121079510001038,3
121079502012105,1
121079514011059,5
121079506002013,4
121079511001017,3
121079501001010,1
121079505002055,2
121079512005030,5
121079512005029,5
121079502013066,1
121079502013002,1
121079514021024,5
121079514021062,5
121079510003037,3
121079502011064,1
121079513002131,5
121079503001228,2
121079503001143,2
121079502011036,1
121079510003001,3
121079509004012,4
121079507004013,4
121079503004042,2
121079502011028,1
121079503001041,2
121079506002029,3
121079509003002,4
121079512005023,5
121079502022072,1
121079508003024,4
121079504002032,2
121079504001021,2
121079502013046,1
121079502014054,2
121079513001044,5
121079503001150,2
121079514022032,5
121079502013174,1
121079502013038,1
121079502013025,1
121079501001011,1
121079501001014,1
121079505004075,2
121079507002023,4
121079512001039,3
121079508002030,4
121079514013006,5
121079514011024,5
121079503004045,2
121079512001040,3
121079502011008,1
121079503001103,2
121079505001074,5
121079509002021,4
121079509004009,4
121079502013125,1
121079514011010,5
121079505004042,2
121079503003014,2
121079513002118,5
121079513002091,5
121079505001022,5
121079501002033,1
121079504001022,2
121079502014073,2
121079510003006,3
121079507004019,4
121079507002078,4
121079506003093,3
121079507001025,4
121079501003007,1
121079514011006,5
121079502012007,1
121079503001007,2
121079506003033,4
121079507002077,4
121079503003134,2
121079505002032,2
121079503001231,2
121079508003001,3
121079503001176,2
121079502013154,1
121079502013228,1
121079502013162,1
121079502011050,1
121079502011051,1
121079512005016,5
121079508002022,4
121079502014022,2
121079502022044,1
121079506003046,4
121079507003012,4
121079512001056,3
121079502013012,1
121079502013094,1
121079507002047,4
121079514022025,5
121079514023004,5
121079508002008,4
121079502021032,1
121079511003019,3
121079504002023,2
121079504001001,2
121079502011018,1
121079502011044,2
121079503001182,2
121079505003031,2
121079507002049,4
121079501001004,1
121079514012010,5
121079502022042,1
121079503003114,2
121079508002054,4
121079505002103,2
121079507001070,4
121079503001123,2
121079511002006,3
121079502022029,1
121079503003145,2
121079503003152,2
121079513002000,5
121079503002009,2
121079509006029,4
121079509002013,4
121079502011011,1
121079504001019,2
121079502014075,1
121079506002014,3
121079507002053,4
121079510001049,3
121079507002025,4
121079509001018,4
121079502012116,1
121079502014037,1
121079505004095,2
121079501003016,1
121079511003041,3
121079513002039,5
121079502013144,1
121079502013052,1
121079510003045,3
121079507001062,4
121079512003034,3
121079502013185,1
121079503002059,2
121079502014053,2
121079513001003,5
121079511004009,3
121079502012062,1
121079502013257,1
121079514011055,5
121079510003017,3
121079508002026,4
121079503003060,2
121079502022126,1
121079505004036,2
121079509002006,4
121079501002021,1
121079508003018,4
121079508003023,4
121079503003029,2
121079503003099,2
121079505003051,2
121079502013045,1
121079502013031,1
121079502013040,1
121079507002074,4
121079513002134,5
121079502022046,1
121079508002039,4
121079508002012,4
121079505004011,2
121079512002002,5
121079502011041,1
121079505003022,2
121079505001012,5
121079513002087,5
121079514021027,5
121079504002003,2
121079508004025,4
121079503001179,2
121079503001178,2
121079514021025,5
121079507004038,4
121079505002037,2
121079505002024,2
121079505003010,2
121079509001001,3
121079503003000,2
121079501003051,1
121079511003035,3
121079503003147,2
121079507004004,4
121079509002000,4
121079514011001,5
121079501001012,1
121079511003026,3
121079510001028,3
121079514011045,5
121079509001011,4
121079513002020,5
121079501003034,1
121079502012155,1
121079508004002,4
121079503003005,2
121079514011040,5
121079501002001,1
121079503002020,2
121079506003063,4
121079512001015,3
121079501001024,1
121079503001081,2
121079509003016,4
121079514013022,5
121079505003013,2
121079501003004,1
121079503003124,2
121079502014008,1
121079502014011,1
121079508002063,4
121079503001046,2
121079513002142,5
121079508004048,4
121079513002099,5
121079505004038,2
121079509006009,4
121079502013148,1
121079502013075,1
121079502022079,1
121079510001026,1
121079508004001,4
121079505004079,2
121079507002054,4
121079505001019,1
121079502022060,1
121079512003084,3
121079507002006,4
121079514013036,5
121079514022027,5
121079512001046,3
121079512004054,3
121079506002037,3
121079507001052,4
121079505004067,2
121079511004024,3
121079512001005,3
121079507004034,4
121079508004018,4
121079512003017,3
121079503003039,2
121079503003180,2
121079505004051,2
121079505004073,2
121079508004052,4
121079505002046,2
121079503003037,2
121079514023037,5
121079511003038,3
121079503001043,2
121079505002044,2
121079503003156,2
121079510001032,3
121079507004048,4
121079503001093,2
121079509002017,4
121079507002035,4
121079501002020,1
121079513002088,5
121079504002024,2
121079505001017,1
121079508002061,4
121079502011023,1
121079514011054,5
121079514013014,5
121079502014052,2
121079501001031,1
121079505002029,2
121079507001013,1
121079505001004,5
121079504001023,2
121079503003078,2
121079800001000,5
121079507004003,4
121079507002038,4
121079503002002,2
121079507001079,4
121079510003034,3
121079506003036,4
121079502014024,2
121079513002050,5
121079511004026,3
121079512002022,5
121079502013133,1
121079512001048,3
121079512004015,3
121079512003066,3
121079502013086,1
121079506003080,1
121079506002003,3
121079514021072,5
121079502013282,1
121079512004040,3
121079514013023,5
121079514013060,5
121079502012125,1
121079509001023,4
121079502013241,1
121079513002101,5
121079503002039,2
121079514021082,5
121079514021065,5
121079514021003,5
121079503003106,2
121079503003139,2
121079502012158,1
121079505003058,2
121079505002045,2
121079505002070,2
121079513002127,5
121079508002014,4
121079507001074,4
121079511003000,3
121079501002017,1
121079513002026,5
121079512002006,3
121079510002021,3
121079503001077,2
121079506002036,3
121079513002059,5
121079514011060,5
121079505001051,5
121079501001028,1
121079501002015,1
121079503003193,2
121079506003030,4
121079508001035,3
121079512003007,3
121079503001097,2
121079503001013,2
121079510001022,3
121079514022008,5
121079505002085,2
121079512004026,3
121079502013064,1
121079505004025,2
121079505004125,2
121079505004005,2
121079507004054,4
121079508004000,4
121079512003033,3
121079514013046,5
121079507002069,4
121079505001038,3
121079504001028,2
121079504001030,2
121079505003047,2
121079509005010,4
121079508003026,4
121079507004028,4
121079510001001,1
121079509005019,4
121079514011014,5
121079501002018,1
121079511003032,3
121079507001060,4
121079507001053,4
121079512001000,3
121079502013049,1
121079502013060,1
121079502013088,1
121079502011001,1
121079507002062,4
121079505004109,2
121079503004047,2
121079512004057,3
121079514013008,5
121079503003011,2
121079503003084,2
121079502022110,1
121079506003053,4
121079502022130,1
121079512001020,3
121079512003060,3
121079502011048,1
121079503001036,2
121079514021014,5
121079506001002,3
121079507001071,4
121079506003073,4
121079502012166,1
121079503003121,2
121079501002024,1
121079505002035,2
121079509006019,4
121079506002033,3
121079506001000,3
121079510001050,3
121079506003044,4
121079503001132,2
121079506003092,3
121079502012018,1
121079501003038,1
121079514011023,5
121079513002100,5
121079513002139,5
121079507002082,4
121079512003037,3
121079503001163,2
121079502022107,1
121079504001032,2
121079512003070,3
121079504002017,2
121079507001093,4
121079513002023,5
121079512001014,3
121079502012091,1
121079502013036,1
121079503001054,2
121079502013202,1
121079502013249,1
121079513001074,5
121079512002032,5
121079502014064,1
121079508003020,3
121079513002140,5
121079513002071,5
121079514013012,5
121079502022086,1
121079505002036,2
121079513001085,5
121079512004002,3
121079514023010,5
121079502013110,1
121079502013100,1
121079507003015,4
121079512005006,5
121079502022136,2
121079512003010,3
121079509002027,4
121079514023006,5
121079512002016,5
121079513002003,5
121079514013005,5
121079503002010,2
121079503002051,2
121079512004074,3
121079514021043,5
121079514023016,5
121079502013229,1
121079502014021,1
