GEOID20,DIST
281210210052023,0
281210210034013,0
281210209021016,4
281210208032015,4
281210208032038,4
281210201032004,2
281210203042014,3
281210210033036,0
281210204023012,0
281210202102017,1
281210201013012,1
281210208032016,4
281210202103001,1
281210204022023,0
281210210011005,0
281210201041006,2
281210206011009,3
281210208031059,4
281210209023036,4
281210201011047,4
281210209021018,4
281210201041013,2
281210206012006,3
281210210041017,0
281210210013011,0
281210201011036,4
281210202121015,1
281210202092012,1
281210201051068,4
281210209011088,4
281210208032011,0
281210202081002,2
281210210011002,0
281210205001015,3
281210206012018,3
281210201051010,4
281210210012001,0
281210202102004,1
281210210031004,0
281210209012020,4
281210206012011,3
281210201012006,4
281210208043003,3
281210208031009,4
281210208062019,4
281210202103011,1
281210206011020,3
281210201012045,4
281210201042020,1
281210209011086,4
281210210052040,0
281210202093000,1
281210210052050,0
281210202093010,1
281210210034003,0
281210203032009,1
281210204012022,0
281210201041018,2
281210209023024,4
281210210012005,0
281210201011016,4
281210204021025,0
281210205001008,3
281210204013017,0
281210209021002,4
281219800001025,3
281210209012010,4
281210202094002,1
281210201051067,4
281210208031020,4
281210204024008,0
281210204024009,0
281210203041001,3
281210201051054,4
281210206011014,3
281210210011003,0
281210203031026,1
281210209012016,4
281210202082001,2
281210210052031,0
281210204012020,0
281210208062011,4
281219800001012,3
281210204023005,0
281210209021006,4
281210203043020,3
281210204013032,0
281210209011034,4
281210201011025,4
281210209011041,4
281210208011015,3
281210203043028,3
281210201012009,2
281210204012001,3
281210202192000,2
281210206011018,3
281210210014016,0
281210210014001,0
281210209023025,4
281210208052034,3
281210208062025,4
281210208044008,4
281210204011006,0
281210208031018,4
281210202086014,2
281210209022029,4
281210208041007,3
281210201012025,4
281210204012005,3
281210209011081,4
281210208052037,3
281210201051036,4
281210202085014,2
281210209023055,4
281210205001020,3
281210210013013,0
281210204022013,3
281210204021000,3
281210209021007,4
281210202131001,2
281210210011030,0
281210206012015,3
281210203041084,3
281210204023009,0
281210209011083,4
281210209012013,4
281210209012021,4
281210201011013,4
281210210042013,0
281210202121030,1
281210205002011,3
281210201011018,4
281210202181003,2
281210202181002,2
281210203043002,1
281210201042014,1
281210204012026,0
281210204022027,0
281210202086018,2
281210208043008,3
281210201051062,4
281210210014019,0
281210203031003,1
281210202093006,1
281210201051039,4
281210201012030,4
281219800001019,3
281210210052007,0
281210202181011,2
281210202191001,2
281210203043019,3
281210203043010,1
281210204023013,0
281210204021009,0
281210203043009,3
281210210034046,0
281210210052047,0
281210204021004,0
281210208052046,3
281210210052014,0
281210208031001,4
281210204023006,0
281210205001019,3
281210205001010,3
281210202103016,1
281210210032014,0
281210210051007,4
281210209023031,4
281210201011074,1
281210205002001,3
281210209011037,4
281210209023030,4
281210208044018,4
281210202094014,1
281210202081012,2
281210202084006,2
281210209023056,4
281210201041020,2
281210207031001,3
281210208061020,4
281210202093011,1
281210202193018,2
281210203042004,3
281210201042006,2
281210204023011,0
281210202121043,3
281210202183001,2
281210209021057,4
281210210031005,0
281210203031010,1
281210202141000,1
281210208062015,4
281210201051031,4
281210208012027,3
281210210034012,0
281210208032005,4
281210202101016,1
281210208052009,2
281210208011000,4
281210210014015,0
281210201051009,4
281210208031044,4
281210210052038,0
281210205001005,3
281210204025002,3
281210204022008,0
281210201011027,4
281210210051014,4
281210208061012,4
281210202121037,3
281210202171020,3
281210209011022,4
281210209022033,4
281210207031040,3
281210210033018,0
281210202193010,2
281210201051086,4
281210201051077,4
281210204021040,3
281210210033007,0
281210209023011,4
281210210052073,0
281210202131007,2
281210202161023,3
281210210034001,0
281210208052027,3
281210201011045,4
281210203031021,1
281210204012000,3
281210202082002,2
281210210032010,0
281210210011017,0
281210201011040,4
281210210033037,0
281210210032016,0
281210208031056,4
281210209021029,4
281210202152012,1
281210202152006,1
281210201041022,4
281210209012008,4
281210202121032,3
281210209011077,4
281210209023034,4
281210203031015,1
281210210051009,4
281210203041003,3
281210202191008,2
281210202192002,2
281210203031000,1
281210204012002,3
281210202121008,1
281219800001009,3
281210203042000,3
281210202086009,2
281210202103004,1
281210210052032,0
281210209023048,4
281210204022029,3
281210208012029,4
281210201041031,4
281210201013005,1
281210201012008,4
281210208062010,4
281210210013012,0
281210202193020,2
281219800001006,3
281210209011054,4
281210210032008,0
281210210042029,0
281210202162009,3
281210202092005,1
281210201051037,4
281210209023016,4
281210210033012,0
281219800001023,3
281210205001011,3
281210209023019,4
281210209023014,4
281210204025000,3
281210205002007,3
281210210052065,0
281210210011021,0
281210210042006,0
281210210051017,0
281210204023023,0
281210202121000,1
281210209011057,4
281210202082003,2
281210208052001,2
281210204012018,0
281210202085011,2
281210201051017,4
281210209021021,4
281210209011076,4
281210210032018,0
281210202121003,1
281210202193007,2
281210208032037,4
281210209011027,4
281210202152029,1
281210208031034,4
281210209011040,4
281210209022020,4
281210208052014,3
281210209022025,4
281210202192020,2
281210202081005,2
281210202084004,2
281210203041085,3
281210208012021,4
281210208012016,4
281210208041008,3
281210201051047,4
281210203043007,3
281210210043007,0
281210210051035,4
281210210034004,0
281210202094000,1
281210201031020,2
281210202131008,2
281210201051106,4
281210209011085,4
281210202193003,3
281210203041055,3
281210201032017,2
281210202161018,3
281210202171000,3
281210202102015,1
281210208031045,4
281210209023026,4
281210203042013,3
281210201013026,1
281210209023006,4
281210201051098,4
281210208032019,4
281210201032003,2
281210201013015,4
281210201032006,2
281210202101009,1
281210201041014,2
281210210032004,0
281210208061001,4
281210208061035,4
281210209021053,4
281210202086015,2
281210208043018,3
281210202161007,3
281210202102009,1
281210201011019,4
281219800001014,3
281210201051029,4
281210208052036,3
281210210043008,0
281210202193015,3
281210202141003,3
281210204021031,0
281210209011042,4
281210210042000,0
281210210034000,0
281210204012027,0
281210202121011,1
281210204024016,0
281210208062024,4
281210203041030,3
281210208043014,3
281210202191000,2
281210210031007,0
281210202101002,1
281210203043025,1
281210203041058,3
281210210034029,0
281210209011016,4
281210208031035,4
281210209011068,4
281210209023007,4
281210210031010,0
281210201011059,4
281210208011013,4
281210201011026,4
281210210042027,0
281210208032017,4
281210201012014,4
281210201011021,4
281210208031014,4
281210208031021,4
281210208061000,4
281210204023008,0
281210204021032,0
281210209012026,4
281210201051075,4
281210202181004,2
281210204022018,0
281210204011004,0
281210201051082,4
281210208044011,4
281210203041002,3
281210202102007,1
281210206012010,3
281210201051080,4
281210204013013,0
281210202103000,1
281210201042009,2
281210210033006,0
281210202121036,3
281210203041082,3
281210201032016,2
281210202152037,3
281210203041080,3
281210210034005,0
281210201041024,4
281210202151001,1
281210201011001,4
281210201051100,4
281210208031058,4
281210203041056,3
281210202172003,3
281210201012051,4
281210201012046,4
281210208032006,4
281210208031005,4
281210209012011,4
281210202085008,2
281210209011007,4
281210209022002,4
281210208052016,2
281210201031011,2
281210201051019,4
281210208043001,4
281210210033016,0
281210210033031,0
281210203041062,3
281210208052011,2
281210201051092,4
281210209011029,4
281210203043031,1
281210202152004,1
281210204012034,0
281210202152014,3
281210208011003,2
281210210012015,0
281210210033023,0
281210201051066,4
281210210041021,0
281210202142014,1
281210210033008,0
281210210012021,0
281210202181010,2
281210208061027,4
281210204012019,0
281210204024003,0
281210209023018,4
281210202094013,1
281210202152028,3
281210209023004,4
281210208012026,3
281210208061032,4
281210202092004,1
281210209021058,4
281210201012012,4
281210209011079,4
281210204022016,3
281210203042008,3
281210202094010,1
281210209022015,4
281210202083000,2
281210208052023,3
281210210051006,0
281210210012002,0
281210204022007,0
281210208012022,4
281210203041053,3
281210201051074,4
281210201051088,4
281210201012043,2
281210209021061,4
281210210042019,0
281210202151009,1
281210203031017,1
281210201012001,4
281210204023021,0
281210209022010,4
281210210011025,0
281210210013014,0
281210202191011,2
281210202086026,2
281210203043030,3
281210208012018,4
281210208041016,3
281210201011002,4
281210209022034,4
281210210042028,0
281210208032023,4
281210202192005,2
281210202101007,1
281210201041010,2
281210205001017,3
281210201032015,2
281210210034006,0
281210201041005,2
281210210052062,4
281210202171006,3
281210209011046,4
281210202161011,3
281210204025003,3
281210202141010,3
281210209022027,4
281210204013027,0
281210201051011,4
281210201011065,4
281210204023007,0
281210202094012,1
281210204013037,0
281210208012020,4
281210209022013,4
281210209011002,4
281210206011010,3
281210202162001,3
281210205001009,3
281210204023014,0
281210201012005,4
281210201032011,2
281210209011003,4
281210209021042,4
281210201031008,2
281210204021016,0
281210203041021,3
281210201051016,4
281210202121026,1
281210201031005,2
281210210034030,0
281210210014007,0
281210204011009,0
281210202183002,2
281210202091007,1
281210204024004,0
281210201032018,2
281210202091010,1
281210209023012,4
281210208012024,4
281210206012023,3
281210203043022,3
281210208031039,4
281210210014021,0
281210202152010,1
281210209023058,4
281210202152035,3
281210208044007,3
281210203043000,1
281210206012021,3
281210208043000,3
281210202085002,2
281210202191017,2
281210210042016,0
281210204013025,0
281210203041017,3
281210201051078,4
281210209012002,4
281210201051035,4
281210210051034,4
281210210033015,0
281210203031008,1
281210210051037,4
281210201051024,4
281210201051021,4
281210204012021,0
281210202193023,3
281210210032017,0
281219800001005,3
281210204022003,3
281210209011035,4
281210204024024,0
281210209021009,4
281210201011022,4
281210201011060,4
281210202192006,2
281210201051090,4
281210209021017,4
281210208012002,4
281210210052024,0
281210209012028,4
281210209021034,4
281210201032012,2
281210201013014,4
281210208032004,4
281210208041015,3
281210202094008,1
281210202094015,1
281210208052003,2
281210210034045,0
281210204021039,3
281210204025005,3
281210208041004,3
281210201051096,4
281210201051089,4
281210210043006,0
281210202193021,2
281210202161000,3
281210202121019,1
281210204023000,0
281210202171024,3
281210203041023,3
281210201013018,4
281210202152020,3
281210202086017,2
281210209023039,4
281210202181000,2
281210210051008,4
281210210014002,0
281210210011004,0
281210210032005,0
281210202183016,2
281210208044005,4
281210208031032,4
281210202082010,2
281210201011067,4
281210201011038,4
281210201051030,4
281210208032035,4
281210201051073,4
281210202193002,2
281210201041000,4
281210201011072,4
281210209023061,4
281210208041011,3
281210210042004,0
281210208031004,4
281210203041009,3
281210209011074,4
281210210042005,0
281210203041064,3
281210202084010,2
281210210034042,0
281210209011014,4
281210203041005,3
281210201031023,2
281210210052060,0
281210202121046,3
281210202142004,1
281210210031008,0
281210202083002,2
281210203041026,3
281210201042019,1
281210204012006,3
281210209011017,4
281210210011015,0
281210201042024,2
281210204013033,0
281210209021040,4
281210208044015,4
281210209023001,4
281210204011005,0
281210202121018,1
281210208032030,4
281210210052055,0
281210210052044,0
281210201041015,2
281210210052025,0
281210208041014,3
281210201011017,4
281210201012026,4
281210209021062,4
281210209021045,4
281210210034041,0
281210202192013,2
281210202183009,2
281210202161025,3
281210208032033,4
281210202191002,2
281210204022030,3
281210203041049,3
281210210013001,0
281210210041016,0
281210201051002,4
281210204022014,0
281210201012035,4
281210202142002,1
281210202102002,1
281210203043024,1
281210209011066,4
281210210052034,0
281210209023027,4
281210204022035,0
281210208062013,4
281210202092008,1
281210210052061,0
281210202151002,1
281210202192004,2
281210202182009,2
281210201011069,4
281210204021002,0
281210208061018,3
281210204021018,0
281210208012005,4
281210204021014,0
281210202121025,1
281210201041004,2
281210208031046,4
281210208041006,3
281210210051003,4
281210202181007,2
281210208041002,3
281210202193019,2
281210202193013,2
281210205001012,3
281210201051097,4
281210205002010,3
281210210041018,0
281210202086005,2
281210210012008,0
281210210032006,0
281210208011018,3
281210202084003,2
281210204025007,0
281210208043016,3
281210201011063,4
281210210012014,0
281210206011017,3
281210201013002,4
281210206022006,3
281210210033038,0
281210208011010,2
281210202152009,3
281210206011002,3
281210208031053,4
281210209011025,4
281210202182005,2
281210209023023,4
281210202091011,1
281210205001007,3
281210204023019,0
281210208044009,3
281210209021030,4
281210204025001,3
281210202093001,1
281210201011034,4
281210210051011,4
281210203041045,3
281210209022008,4
281210209011001,4
281210203042026,3
281210209011000,4
281210209012027,4
281210210034044,0
281210203032012,1
281210208044027,4
281210203043016,3
281210202121004,1
281210201051052,4
281210204013007,0
281210201012032,4
281210203041065,3
281210204012032,0
281210203043005,1
281210202152042,1
281210202103006,1
281210202086010,2
281210210014010,0
281210201042011,2
281219800001022,3
281210208061006,4
281210202121009,1
281210208012012,3
281210210052003,0
281210204021023,0
281210203041070,3
281210204011019,0
281210208031019,4
281210202084000,3
281210208012009,3
281210202152039,3
281210210051036,4
281210208031042,4
281210201011061,4
281210201013000,4
281210209012017,4
281210208031040,4
281210202141004,3
281210202192012,2
281210210033019,0
281210210033029,0
281210204013011,0
281210205002002,3
281210208061016,4
281210205001025,3
281210206022004,3
281210201031021,2
281210204013038,0
281210201051027,4
281210201051028,4
281210209022030,4
281210201041023,4
281210204012011,3
281210201041007,2
281210208062022,4
281210210051025,4
281210210013000,0
281210210011013,0
281210204023016,0
281210208061007,4
281210208052024,3
281210204024014,0
281210202152022,3
281210201031006,2
281210209021052,4
281210208032029,4
281210203042019,3
281210210052058,0
281210210052056,0
281210202131009,2
281210201011010,4
281210208032028,4
281210202084001,2
281210204023004,0
281210208043017,3
281210209021059,4
281210210041012,0
281210201012049,4
281210209011082,4
281210209011005,4
281210201051026,4
281210202191020,3
281210201011008,4
281210203041068,3
281210202091009,1
281210204012033,0
281210209023057,4
281210201051049,4
281210209021032,4
281210204013035,0
281210210051029,4
281210202162012,3
281210202086012,2
281210202193024,3
281210201051084,4
281210206011012,3
281210210041015,0
281210209021014,4
281219800001000,3
281210202192001,2
281210206012003,3
281210210051001,4
281210208061019,3
281210201032007,2
281210209022003,4
281210208042002,4
281210209021028,4
281210208052028,3
281210202101006,1
281210201011004,4
281210201051083,4
281210202101003,1
281210208051002,3
281210202192003,2
281210202152026,3
281210203042021,3
281210202103005,1
281210209021038,4
281210201051041,4
281210210011031,0
281210202121016,1
281210202086004,2
281210204024011,0
281210208061003,4
281210202172043,3
281210204024018,0
281210201051050,4
281210208042005,0
281210210033020,0
281210210051010,4
281210210031002,0
281210203041014,3
281210210052039,0
281210209011028,4
281210209023003,4
281210204013019,0
281210210041024,0
281210201051071,4
281210210034026,0
281210208031011,4
281210201041008,2
281210202183013,2
281210202131010,2
281210204025004,3
281210208061005,4
281210208044002,3
281210201042010,2
281210209011023,4
281210210042002,0
281210209023037,4
281210201012029,4
281219800001024,3
281210202085009,2
281210210034019,0
281210202081007,2
281210209022009,4
281210202082005,2
281210202182010,2
281210201032009,2
281210202121047,1
281210202094017,1
281210202085005,2
281210210011026,0
281210210014014,0
281210201011057,4
281210204023017,0
281210203032000,1
281210209012009,4
281210202152017,3
281210202103009,1
281210203043008,1
281210202103003,1
281210210042025,0
281210209012006,4
281210206011006,3
281210210014011,0
281210202093013,1
281210210041003,0
281210208044001,3
281210201031015,2
281210209021054,4
281210209021000,4
281210202121042,1
281210202181013,2
281210210051005,0
281210209023002,4
281210210043004,0
281210202193006,2
281210208062005,3
281210204012003,3
281210204011017,0
281210204011008,0
281210208031052,4
281210208031037,4
281210208031030,4
281210210052002,0
281210202101015,1
281210208062000,4
281210202152019,3
281210201011011,4
281210210052045,0
281210209011072,4
281210209011062,4
281210208044016,4
281210202141009,3
281210201051070,4
281210208052013,2
281210206012012,3
281210203032002,1
281210202093009,1
281210209022014,4
281210202181006,2
281210203042015,3
281210209021055,4
281210203031029,1
281210203042016,3
281210209011030,4
281210203043013,1
281210206012004,3
281210210034017,0
281210210032021,0
281210208011006,3
281210204021007,0
281210201031003,2
281210202121027,1
281210210033039,0
281210210034040,0
281210201051013,4
281210202183010,2
281210203041071,3
281210210014012,0
281210208031010,4
281210209021050,4
281210210013004,0
281210202121010,1
281210209021036,4
281210202086020,2
281210204021037,3
281210208041013,3
281210201041003,2
281210202191013,3
281210206012017,3
281210202103008,1
281210210011028,0
281210209022001,4
281210202101014,1
281210210052020,0
281210208043007,3
281210204011013,0
281210203041012,3
281210204022001,3
281210208043005,3
281210201013023,2
281210210034021,0
281210210034024,0
281210205001002,3
281210202091000,1
281210202086007,2
281210204022025,0
281210210041023,0
281210202086022,2
281210208052008,2
281210210034025,0
281210202142011,1
281210202092000,1
281210202093005,1
281210202102003,1
281210202085004,2
281210210052035,0
281210209011038,4
281210208032024,4
281210202193012,2
281210208044028,4
281210208052019,3
281210208052025,3
281210202193016,3
281210210014006,0
281210203032003,1
281210202121029,1
281210202161028,3
281210201012004,4
281210210032015,0
281210203031019,1
281210206012014,3
281210202152038,3
281210206012019,3
281210208061026,4
281210210034032,0
281210202161019,3
281210209011011,4
281210203031018,1
281210204013021,0
281210202151006,1
281210210051026,4
281210210042008,0
281210202162005,3
281210210034002,0
281210202152021,3
281210202121006,1
281210202191018,3
281210208042001,4
281210209021011,4
281210202092007,1
281210210011014,0
281210210014000,0
281210210031006,0
281210202085013,2
281210202161005,3
281210202161006,3
281210208042004,0
281210202152032,1
281210203042017,3
281210208032045,4
281210201013001,4
281210203041046,3
281210210034015,0
281210210033002,0
281210208061014,4
281210202103010,1
281210210033017,0
281210210011020,0
281210201031004,2
281210202091015,1
281210201012013,4
281210204024027,0
281210205001026,3
281210201011076,1
281210208032040,4
281210201031026,2
281210209021005,4
281210202183007,2
281210210034022,0
281210202103018,1
281210209011050,4
281210203041052,3
281210201011075,1
281210208031017,4
281210201013024,1
281210202121035,3
281210202081011,2
281210209023000,4
281210210042022,0
281210210042012,0
281210209011012,4
281210208041023,3
281210202102011,1
281210202152018,3
281210209023038,4
281210202082009,2
281210210052015,0
281210204011001,0
281210202192016,2
281210202092013,1
281210208052029,3
281210201031019,2
281210208032027,4
281210210051028,4
281210201012011,4
281210210032020,0
281210202171008,3
281210210014004,0
281210204011010,0
281210202183015,2
281210208031041,4
281210208044004,4
281210201012041,4
281210201012027,4
281210201011044,4
281210210052008,0
281210206012016,3
281210203031011,1
281210210052004,0
281210209011018,4
281210201032002,2
281210208031003,4
281210202082000,3
281210202092003,1
281210201051040,4
281210206011005,3
281210202193017,2
281210203031020,1
281210208052018,3
281210208041009,3
281210205001013,3
281210201011062,4
281210210052027,0
281210210042010,0
281210205001014,3
281210203032004,1
281210209023047,4
281210202102001,1
281210208062012,3
281210202101012,1
281210208052043,3
281210210052052,0
281210210031001,0
281210210011027,0
281210206011016,3
281210202094003,1
281210204013036,0
281210210052048,0
281210210034020,0
281210206011003,3
281210202183000,2
281210209021015,4
281210208032021,4
281210208061023,4
281210209023044,4
281210208031007,4
281210210052019,0
281210202152041,3
281210202152033,3
281210202091003,1
281210204024021,0
281210203031007,1
281210204012037,0
281210201031022,2
281210204023026,0
281210202162002,3
281210202141007,3
281210210033000,0
281219800001013,3
281210202086006,2
281210201051044,4
281210205001022,3
281219800001002,3
281210202161017,3
281210204022021,0
281210204021003,0
281210201031009,2
281210202182000,2
281210210041007,0
281210210042009,0
281210203042005,3
281210203043026,1
281210203041079,3
281210202161013,3
281210205002012,3
281210204024005,0
281210202121013,1
281210204012009,3
281210201041035,4
281210201041021,4
281210201042016,1
281210202121022,1
281210202086023,2
281210210032011,0
281210210041002,0
281210209021024,4
281210209022007,4
281210209023035,4
281210208031047,4
281210202152031,3
281210203043029,3
281210202181008,2
281210209011071,4
281210209023013,4
281210204022009,0
281210202121021,1
281210202121040,3
281210202181016,2
281210202082006,2
281210202193014,2
281210201013016,4
281210203041081,3
281210202182001,2
281210202171021,3
281210203031025,1
281210201051087,4
281210201051102,4
281210201012037,4
281210209022000,4
281210201011053,4
281210202102014,1
281210206012020,3
281210201013011,1
281210201013003,1
281210208011014,4
281210204022026,0
281210210033034,0
281210202141005,3
281210208012010,3
281210201012050,4
281210204022024,0
281210208052041,3
281210204011003,0
281210208011011,4
281210202121001,1
281210201042007,2
281210208042000,4
281210209021060,4
281210201012017,4
281210209021008,4
281210210034018,0
281210209021048,4
281210201051081,4
281210205002006,3
281210206011001,3
281210209011026,4
281210203041011,3
281210210011006,0
281210202152036,3
281210203043001,1
281210203041004,3
281210203041024,3
281210202191009,2
281210202171009,3
281210203031023,1
281210203043006,1
281210208012007,4
281210208032043,4
281210202091001,1
281210204021024,0
281219800001017,3
281210210052016,0
281210210052049,0
281210210034037,0
281210202192017,2
281210204021006,0
281210209023022,4
281210202121005,1
281210202101000,1
281210201011033,4
281210201011028,4
281210210032019,0
281210208032014,4
281210208032042,4
281210202151004,1
281210206012007,3
281210204011018,0
281210201011042,4
281210201011048,4
281210204013005,0
281210208032010,4
281210209021026,4
281210209011009,4
281210201012022,4
281210202172041,3
281210209011044,4
281210201012036,4
281210202092010,1
281210201051015,4
281210208012015,4
281210201051003,4
281210202192015,2
281210208044022,4
281210210033028,0
281210210033003,0
281210208042010,3
281210210052006,0
281210201051032,4
281210203031005,1
281219800001007,3
281210209011070,4
281210202121050,1
281210208031026,4
281210202192007,2
281210210012009,0
281210201011007,4
281210202152027,3
281210201011012,4
281210201041030,4
281210204013001,0
281210202161015,3
281210201012007,4
281210201012019,4
281210202193022,2
281210202152007,1
281210209011090,4
281210203031004,1
281210208031055,4
281210210031009,0
281210210033025,0
281210209011021,4
281210209011065,4
281210209011075,4
281210204023002,0
281210208052000,2
281210204022019,0
281210205001024,3
281219800001015,3
281210205001001,3
281210204013015,0
281210203043012,1
281210202101011,1
281210210051032,4
281210210012004,0
281210209021046,4
281210202085010,2
281210208042008,3
281210203042009,3
281210203041059,3
281210204024015,0
281210202161020,3
281210209023046,4
281210210041000,0
281210208052002,2
281210208061017,3
281210208044003,3
281210202121012,1
281210202142015,1
281210209021031,4
281210210041009,0
281210210051016,0
281210210052067,0
281210209011033,4
281210208052021,3
281210208044014,4
281210208052006,2
281210208043004,4
281210202171007,3
281210210011033,0
281210205001018,3
281210208012008,3
281210201051043,4
281210208032001,4
281210208011001,2
281210209022021,4
281210204012012,0
281210202084002,2
281210210033011,0
281210202086011,2
281210208012001,4
281210208012013,3
281210210033032,0
281210202082007,2
281210202171005,3
281210209023051,4
281210210041008,0
281210210033004,0
281219800001010,3
281210201051063,4
281210201051023,4
281210201011071,4
281210209023042,4
281210201012047,4
281210208011017,3
281210204012004,3
281210208032009,4
281210201013007,1
281210201011055,4
281210201041028,4
281210210032009,0
281210201042013,1
281210206011008,3
281210208062001,4
281210202152013,1
281210210031014,0
281210210042017,0
281210209023050,4
281210205002004,3
281210210051004,4
281210202191003,2
281210202085015,2
281219800001027,3
281210208052007,3
281210208012004,4
281210210014023,0
281210202172042,3
281210202121033,3
281210209022031,4
281210201011032,4
281210208062009,4
281210202151005,1
281210210012007,0
281210204012007,3
281210209021041,4
281210208044021,4
281210209011043,4
281210209011032,4
281210204012035,0
281210203032006,1
281210201042000,2
281210210041010,0
281210202121045,2
281210204013023,0
281210210052017,0
281210202161010,3
281210208044012,4
281210201041034,4
281210208011019,3
281210208032022,4
281210208032044,4
281210204023020,0
281210201032005,2
281210204021030,0
281210202162006,3
281210208041017,3
281210204012014,0
281210210043002,0
281219800001008,3
281210209011064,4
281210202086013,2
281210209023054,4
281210210052066,0
281210206011021,3
281210210011022,0
281210204022015,3
281210210012022,0
281210201051048,4
281210209011008,4
281210204012010,3
281210202161012,3
281210206012009,3
281210202102008,1
281210202191019,3
281210202086019,2
281210208044026,4
281210208052035,3
281210210033014,0
281210202081000,3
281210208042006,0
281210203041057,3
281210210014024,0
281210210052005,0
281210208061022,4
281210204023018,0
281210210052012,0
281210204022028,3
281210201051057,4
281210210042011,0
281210208043013,3
281210210033022,0
281210202161014,3
281210201012040,4
281210201051005,4
281210208052044,3
281210204024025,0
281210208031016,4
281210201051000,4
281210208031057,4
281210208031054,4
281210201051045,4
281210202094001,1
281210208012003,4
281210209021063,4
281210202183011,2
281210209011078,4
281210209011015,4
281210209011020,4
281210201011030,4
281210208044019,4
281210202152005,1
281210202161026,3
281210202141014,1
281210201011029,4
281210202121044,3
281210210014005,0
281210203041019,3
281210208011008,2
281210205002013,3
281210208044000,3
281210206012013,3
281210202086016,2
281210201032000,2
281210210034028,0
281210208043015,3
281210208052038,3
281210203032011,1
281210202192014,2
281210202193001,2
281210202162011,3
281210209021039,4
281210210011007,0
281210204024010,0
281210210033033,0
281210208044017,4
281210201051001,4
281210210052042,0
281210208061009,4
281210201041029,4
281210208012011,3
281210204013024,0
281210204012025,0
281210201051018,4
281210210051020,4
281210209023052,4
281210208031028,4
281210202091004,1
281210209012025,4
281210209011051,4
281210209011045,4
281210208041001,3
281210202121034,3
281210202121014,1
281210203042011,3
281210206012001,3
281210209022006,4
281210208011009,2
281210210033026,0
281210208041020,3
281210202131006,2
281210201011039,4
281210203043027,3
281210203031031,1
281210210012012,0
281210204013039,0
281210201031013,2
281210201031007,2
281210201051064,4
281210209021047,4
281210201011003,4
281210202121023,1
281210202182008,2
281210201051055,4
281210208044010,4
281210208032034,4
281210204013020,0
281210210052070,0
281210208061030,4
281210210042023,0
281210201012020,4
281210209021051,4
281210208062016,4
281210209021013,4
281210201012044,2
281210209011067,4
281210209011063,4
281210209011004,4
281210209011024,4
281210208032020,4
281210202102006,1
281210203043003,1
281210203041083,3
281210202086001,3
281210201013008,1
281210204024019,0
281210210014008,0
281210210011012,0
281210204022020,0
281210201051076,4
281210202161024,3
281210209023005,4
281210208051000,3
281210208061034,4
281210210012006,0
281210204013009,0
281210202183012,2
281210203031022,1
281210204013031,0
281210204013010,0
281210208052030,3
281210203041048,3
281219800001004,3
281210202142010,1
281210210032022,0
281210210051024,4
281210202142013,1
281210202085012,2
281210201032008,2
281210201013013,4
281210210034034,0
281210209023028,4
281210202172000,3
281210208011002,2
281210203031001,1
281210210034011,0
281210209021001,4
281210201011035,4
281210203043004,1
281210201012039,4
281210208041003,3
281210201011015,4
281210204022036,0
281210208031015,4
281210204013000,0
281210202152011,1
281210210043005,0
281210201041002,2
281210209021065,4
281210208012006,4
281210208062003,4
281210209011058,4
281210209022022,4
281210202141006,3
281210202084005,2
281210202085016,2
281210203041067,3
281210202162004,3
281210210012011,0
281210202152024,3
281210210012010,0
281210201051093,4
281210208052026,3
281210202152002,1
281210204011012,0
281210201031002,2
281210202183004,2
281210208062002,4
281210201011006,4
281210208062008,4
281210201013010,1
281210201013019,1
281210202086025,2
281210201042018,2
281210202103012,1
281219800001016,3
281210204021008,0
281210204022006,0
281210210052064,0
281210202121039,2
281210208032032,4
281210208032039,4
281210201032010,2
281210201011024,4
281210210041020,0
281210208051001,3
281210204024000,0
281210204021012,0
281210209023060,4
281210202103017,1
281210203041090,3
281210209011080,4
281210202191016,3
281210210052033,0
281210209011059,4
281210208043002,4
281210201031024,2
281210208012019,4
281210203043017,1
281210202152030,3
281210208032000,4
281210202121031,1
281210202091002,1
281210209011073,4
281210202081008,2
281210204013002,0
281210201013021,2
281210202102000,1
281210204012017,0
281210210033001,0
281210210012000,0
281210210051030,4
281210208052017,2
281210204012024,0
281210210011024,0
281210202151000,1
281210204021013,0
281210209021004,4
281210202152016,3
281210209011052,4
281210209011060,4
281210209011084,4
281210202094005,1
281210202081009,2
281210202181001,2
281210203041066,3
281210209022005,4
281210203041022,3
281210208041005,3
281210204012029,0
281210202085007,2
281210202193011,2
281210201011031,4
281210203043018,1
281210203041089,3
281210203041008,3
281210203041061,3
281210201042023,1
281210210011010,0
281210210031012,0
281210201012021,4
281210210011019,0
281210210052068,0
281210202094007,1
281210208011004,2
281210210052000,0
281210208011012,4
281210201042015,1
281210201051012,4
281210210032000,0
281210209022012,4
281210202171004,3
281210208061004,4
281210210013002,0
281210202162010,3
281210201051046,4
281210208042007,3
281210202121024,1
281210210014013,0
281210202092002,1
281210202182002,2
281210201031016,2
281210201031018,2
281210201042005,2
281210210041006,0
281210203032016,1
281210202091012,1
281210201013009,1
281210210041013,0
281210202102013,1
281210210034027,0
281210208061013,4
281210210031013,0
281210202161008,3
281210203032014,1
281210210033009,0
281210210033010,0
281210210033030,0
281210210042026,0
281210202192019,2
281210208052040,3
281210201031000,2
281210204024007,0
281210202103002,1
281210210052029,0
281210210034023,0
281210204022004,3
281210202192021,2
281210208043010,3
281210208044025,4
281210202085000,2
281210201051020,4
281210209023032,4
281210203041072,3
281210210013005,0
281210203041051,3
281210202152000,3
281210210051013,4
281210210034035,0
281210203031035,1
281210203041043,3
281210202093002,1
281210208062018,4
281210201051101,4
281210210041005,0
281210201012024,4
281210202141013,3
281210204024023,0
281210210032001,0
281210201011052,4
281210201051085,4
281210201051103,4
281210208042003,0
281210210034009,0
281210208011007,2
281210204023015,0
281210202093004,1
281210201012015,4
281210209011006,4
281210208031002,4
281210209023041,4
281210201011005,4
281210202142001,1
281210208052022,3
281210210041022,0
281210204012031,0
281210204023010,0
281210208061033,4
281210201012010,4
281210209011036,4
281210210013003,0
281210208044020,4
281210202191012,3
281210202191015,2
281210210042018,0
281210201011020,4
281210204024017,0
281210204013012,0
281210205002005,3
281210202084008,2
281210202103013,1
281210209023059,4
281210208043006,3
281210203042023,3
281210203041044,3
281210202091013,1
281210209011031,4
281210202191010,2
281210203042018,3
281210209011047,4
281210208052010,2
281210203043014,3
281210203041042,3
281210210041014,0
281210202081006,2
281210203042007,3
281210204013003,0
281210203032010,1
281210209012012,4
281210210033027,0
281210208032025,4
281210210013010,0
281210201031017,2
281210204024020,0
281210210012019,0
281210203032017,1
281210204022031,3
281210208052042,3
281210208061029,4
281210205001023,3
281210210011018,0
281210201031010,2
281210210034008,0
281210210052051,0
281210209011019,4
281210209023033,4
281210204021022,0
281210210052063,0
281210202131003,2
281210210034014,0
281210210032013,0
281210201011000,4
281210201041012,2
281210208052045,3
281210202141017,3
281210202141016,3
281210209021033,4
281210209023021,4
281210201051051,4
281210210034007,0
281210210013007,0
281210204022005,3
281210210011000,0
281210203042010,3
281210203041047,3
281210202121017,1
281210208041021,3
281210209022017,4
281219800001011,3
281210203031034,1
281210201051014,4
281210206011015,3
281210210034016,0
281210201012038,4
281210208052033,3
281210203031028,1
281210201051104,4
281210201041032,4
281210208012000,4
281210208031029,4
281210202152015,3
281210208031033,4
281210204011016,0
281210208032002,4
281210208032003,4
281210209011053,4
281210202182006,2
281210208032041,4
281210202121048,1
281210202121020,1
281210201051007,4
281210204021017,0
281210204022022,0
281210202092011,1
281210210052041,0
281210202161001,3
281210210032002,0
281210203032008,1
281210203041010,3
281210201011058,4
281210210032012,0
281210202171003,3
281210208062007,4
281210206011007,3
281210201011068,4
281210202082004,2
281210201011077,1
281210203032005,1
281210202162007,3
281210201031012,2
281210201011023,4
281210202181005,2
281210208032036,4
281210201012033,4
281210209012005,4
281210201011014,4
281210209023043,4
281210201051025,4
281210202152034,3
281210204024001,0
281210201042004,2
281210209021064,4
281210201031001,2
281210209011091,4
281210201012023,4
281210208052032,3
281210202094004,1
281210202161021,3
281210201051053,4
281210209023015,4
281210210052001,0
281210202142012,1
281210203031016,1
281210210014022,0
281210204024028,0
281210202102016,1
281210209021056,4
281210202151007,1
281210201011056,4
281210204025006,0
281210209012007,4
281210201011073,1
281210201011054,4
281210203042027,3
281210201032019,2
281210201041011,2
281210203041069,3
281210208031008,4
281210208052039,3
281210208031031,4
281210202101013,1
281210209022026,4
281210210011023,0
281210201041026,4
281210208031036,4
281210209022028,4
281210209023008,4
281210202131011,2
281210202193004,2
281210209021012,4
281210202183005,2
281210210011009,0
281210203041020,3
281210204022032,0
281210202193009,2
281210210051033,4
281210203041000,3
281210202192011,2
281210202142009,1
281210210012020,0
281210201012031,4
281210203031012,1
281210202152025,3
281210203041063,3
281210202192018,2
281210208032031,4
281210209021019,4
281210210051015,4
281210201051107,4
281210210043001,0
281210202102012,1
281210210052057,0
281210210041019,0
281210201011043,4
281210202091006,1
281210210011029,0
281210208031051,4
281210202121049,1
281210210042007,0
281210208062004,4
281210210034033,0
281210201011051,4
281210203031030,1
281210202171026,3
281210203043015,3
281210210033005,0
281210201013025,1
281210201042008,2
281210208041019,3
281210204022017,3
281210208043020,3
281210209012024,4
281210204024022,0
281210202181012,2
281210208052031,3
281210210041004,0
281210202121007,1
281210209022011,4
281210201041027,2
281210208062021,4
281210209011056,4
281210204021010,0
281210202191014,3
281210209011049,4
281219800001020,3
281210206011000,3
281210204021015,0
281210204024012,0
281210203043023,3
281210210031011,0
281210201051038,4
281210205001006,3
281210202091005,1
281210209021010,4
281210204012008,3
281210204021001,0
281210204024026,0
281210205001003,3
281210201041017,4
281210202162008,3
281210208031043,4
281210202182007,2
281210209012001,4
281210201041016,4
281210204013006,0
281210208041000,3
281210208044023,4
281210202085001,2
281210210033035,0
281210204024006,0
281210204022033,0
281210204013030,0
281210201051072,4
281210208011005,2
281210201051095,4
281210208041018,3
281210206011013,3
281210201051034,4
281210209023020,4
281210201012000,4
281210203042020,3
281210202086008,2
281210203032001,1
281210201042022,1
281210209021049,4
281210203031013,1
281210210012016,0
281210208032046,4
281210201032014,2
281210201042017,1
281210204021044,3
281210205001021,3
281210210052046,0
281210201011046,4
281210210051000,4
281210210051018,4
281210202183003,2
281210206012008,3
281210202091014,1
281210203042012,3
281210209023017,4
281210203042001,3
281210201051042,4
281210202094009,1
281210210051027,4
281210210031003,0
281210204011015,0
281210206011022,3
281210202182004,2
281210202182011,2
281210210052072,0
281210201051022,4
281210203031024,1
281210210052018,0
281210201011049,4
281210202086000,3
281210203032015,1
281210203042002,3
281210202102005,1
281210201011041,4
281210205002003,3
281210210052043,0
281210208061024,4
281210202193000,2
281210202103015,1
281210201042002,2
281210208031023,4
281210206022005,3
281210208062014,4
281210210051022,4
281210209011061,4
281210202162000,3
281210202131005,2
281210209012022,4
281210209011069,4
281210210041001,0
281210202183014,2
281210202093008,1
281210203041018,3
281210201051059,4
281210204012016,0
281210210034010,0
281210210051023,4
281210208044013,4
281210210032007,0
281210210052013,0
281210210033024,0
281210208061002,4
281210201042012,1
281210210014003,0
281210202121028,1
281210201013022,2
281210206012000,3
281210203043021,3
281210202102010,1
281210203041050,3
281210210034038,0
281210209022004,4
281210210051002,4
281210208032018,4
281210208031049,4
281210202086003,3
281210208012014,4
281210201041009,2
281210209023049,4
281210210042003,0
281210208032008,4
281210208061031,4
281210209021044,4
281210209021022,4
281210209011055,4
281210209021025,4
281210203041015,3
281210201051006,4
281210203041041,3
281210202131000,2
281210208032012,0
281210201013020,1
281219800001026,3
281210208012017,4
281210202103007,1
281210210042014,0
281210204013014,0
281210202192008,2
281210202141015,3
281210208061025,4
281210208042009,3
281210201051060,4
281210203032007,1
281210201041033,4
281210209021043,4
281210204012030,0
281210209012003,4
281210202193008,2
281210208032013,4
281210208012025,3
281210201012048,4
281210202081003,2
281210210051021,4
281210209023053,4
281210210014020,0
281210202086002,3
281210209012004,4
281210209021027,4
281210209021023,4
281210208032007,4
281210210052036,0
281210210051038,4
281210202171001,3
281210208062006,3
281210205002000,3
281210204022010,3
281210202093003,1
281210208052012,2
281210204023003,0
281210204022011,0
281210202094006,1
281210210011001,0
281210206022000,3
281210201051069,4
281210203042003,3
281210202161003,3
281210208043012,3
281210204024002,0
281210201011037,4
281210210042015,0
281210208044024,4
281210201051094,4
281219800001018,3
281210210052053,0
281210210034031,0
281210208031006,4
281210201011070,4
281210202101010,1
281210210011016,0
281210202141002,3
281210204023001,0
281210202152008,1
281210202152001,3
281210209012018,4
281210204021019,0
281210204013022,0
281210209021037,4
281210202093012,1
281210209011089,4
281210202192010,2
281210202094016,1
281210202192009,2
281210201051058,4
281210206011004,3
281210202131002,2
281210210042030,0
281210205001000,3
281210204022000,0
281210210052009,0
281210201041025,4
281210201051061,4
281210209012000,4
281210201051105,4
281210210031000,0
281210203031014,1
281210204013026,0
281210204012015,0
281210210013008,0
281210204013018,0
281210208044006,3
281210202121038,2
281210207031000,3
281210204013029,0
281210210041011,0
281210208061015,4
281210208061011,4
281210202152023,3
281210202152040,3
281210210052021,0
281210204021005,0
281210208052004,2
281210210052010,0
281210208031000,4
281210208032047,4
281210202121041,1
281210206011019,3
281210202081004,2
281210210012013,0
281210201012028,4
281210208061008,4
281210208031038,4
281210210052071,0
281210202142006,1
281219800001001,3
281210202101005,1
281210210042031,0
281210210052069,0
281210209011048,4
281210205001016,3
281210202191005,2
281210206012005,3
281210202084007,2
281210208031050,4
281210204013008,0
281210208011016,3
281210202171023,3
281210201051099,4
281210201051091,4
281210201051004,4
281210208043011,3
281210203031002,1
281210209021035,4
281210210052030,0
281210202142008,1
281210202161002,3
281210210052028,0
281210202086024,2
281210202171002,3
281210204012028,0
281210203041007,3
281210204013028,0
281210210012003,0
281210201012034,4
281210210013006,0
281210210042024,0
281210210034036,0
281210204013016,0
281210203042024,3
281210201032013,2
281210208012028,4
281210210014018,0
281210201012016,4
281210210014026,0
281210208012023,4
281210208061010,4
281210201042001,2
281210201032001,2
281210202082008,2
281210201051065,4
281210204023025,0
281210202142000,1
281210209011087,4
281210209012015,4
281210202094011,1
281210202121002,1
281210202092001,1
281210202092014,1
281210202103014,1
281210210042001,0
281210210043000,0
281210202171022,3
281210204022012,3
281210202092006,1
281210210014017,0
281210202101004,1
281210210051039,4
281210202083003,2
281210210052054,0
281210210042021,0
281210208041010,3
281210210012018,0
281210201011066,4
281210204011007,0
281210201042003,2
281210203043011,1
281210202131004,2
281210209021003,4
281210210052011,0
281210210014009,0
281210204021011,0
281210203041016,3
281210209022016,4
281210201051056,4
281210202085006,2
281210202141008,3
281210202081001,2
281210210052022,0
281210208052005,2
281210208031013,4
281210201012018,4
281210204023027,0
281210209023045,4
281210204013004,0
281210201013006,1
281210204012013,0
281210202151003,1
281210209023040,4
281210201012042,4
281210201011009,4
281210201051079,4
281210209022018,4
281210208031024,4
281210202183008,2
281210206012002,3
281210202084009,2
281210202081010,2
281210209022024,4
281210203041054,3
281210210011011,0
281210210013015,0
281210209023010,4
281210203031027,1
281210201051033,4
281210202151008,1
281210203031006,1
281210202093007,1
281210201011050,4
281210202092009,1
281210202101008,1
281210209022032,4
281210210034039,0
281210202083004,2
281210204011002,0
281210210052026,0
281210210013009,0
281210210051019,4
281210209023029,4
281210205001004,3
281210202181014,2
281210202085003,2
281210210032003,0
281210202091008,1
281210208061028,4
281210208031022,4
281210201012003,4
281210210051040,4
281210209011013,4
281210201031025,2
281210208041022,3
281210206012022,3
281210202171025,3
281210202181015,1
281210202162003,3
281210204023024,0
281210209012019,4
281210210043003,0
281210206011011,3
281210203042006,3
281210201011064,4
281210208043019,3
281210203031009,1
281210210051031,4
281210209011010,4
281210202161004,3
281210202191006,2
281210204024013,0
281210208061021,4
281210202182003,2
281210202141018,3
281210203032013,1
281210204011014,0
281210203041031,3
281210208031025,4
281210202083001,2
281210204022002,3
281210204013034,0
281210210033021,0
281210202161009,3
281210202141012,3
281210209022023,4
281210202161022,3
281210209012023,4
281210209022019,4
281210202142003,1
281210202181009,2
281210202141011,3
281210208052015,3
281210202161027,3
281210201011078,4
281210208062017,4
281210202191004,2
281210202191007,2
281210210051041,0
281210204022034,0
281210210052059,0
281210208052020,3
281210203042025,3
281210202086021,2
281210202193005,2
281210203031033,1
281219800001021,3
281210202101017,1
281210204011011,0
281210210042020,0
281210210034043,0
281210203041060,3
281210208062026,4
281210201031014,2
281210201041019,2
281210203042022,3
281210210051012,4
281210204012036,0
281210210052037,0
281210208032026,4
281210210011032,0
281210203031032,1
281210204023022,0
281210208031048,4
281210208031012,4
281210208031027,4
281210202141001,1
281210202101001,1
281210202142005,1
281210204012023,0
281210209012014,4
281210208041012,3
281210202152003,1
281210209011039,4
281219800001003,3
281210201013004,1
281210208062023,4
281210201051008,4
281210201041001,4
281210209023009,4
281210201042021,1
281210210033013,0
281210202142007,1
281210208043009,3
281210201012002,4
281210209021020,4
281210201013017,4
281210202161016,3
281210210012017,0
281210208062020,4
281210203041013,3
281210203032018,1
281210202183006,2
281210210014025,0
281210210011008,0
281210204011000,0
